Permutation Chi-Sq K2RT__FREE__ KD1__FREE__ kdephos__FREE__ km1__FREE__ km2__FREE__ kphos__FREE__
gen19perm16 1915.8828014648897806 2.61213474e+00 8.17039762e-01 2.92497208e-03 4.05209018e-03 3.55165248e+00 8.83344136e-03
gen19perm3 1916.0690441516687770 2.61711553e+00 9.02046723e-01 2.92475828e-03 3.92714851e-03 2.22539240e+00 8.83344136e-03
gen18perm34 1916.0707903471400186 2.61711553e+00 9.02046723e-01 2.92475828e-03 3.72257106e-03 2.25428145e+00 8.83344136e-03
gen19perm13 1916.0749301513499177 2.61711553e+00 1.00238032e+00 2.92475828e-03 8.40282004e-01 2.34890736e+00 8.83344136e-03
gen17perm19 1916.0821008411587627 2.61711553e+00 1.00238032e+00 2.92475828e-03 8.79394364e-01 2.51432455e+00 8.83344136e-03
gen19perm50 1916.1240959637320884 2.61711553e+00 9.02046723e-01 2.92475828e-03 3.72257106e-03 3.59046335e+00 8.83344136e-03
gen19perm17 1916.4592911649062899 2.64924091e+00 9.36153030e-01 2.94620692e-03 9.25513447e-01 2.37969553e+00 8.83344136e-03
gen18perm22 1916.4641446412585992 2.64924091e+00 1.00238032e+00 2.94620692e-03 8.40282004e-01 2.34890736e+00 8.83344136e-03
gen17perm39 1916.4643119400354863 2.64924091e+00 1.00238032e+00 2.94620692e-03 3.92714851e-03 2.22539240e+00 8.83344136e-03
gen19perm14 1916.4780377820000012 2.64924091e+00 1.00238032e+00 2.94620692e-03 8.79394364e-01 2.51432455e+00 8.83344136e-03
gen16perm46 1916.4780461266502698 2.64924091e+00 1.00238032e+00 2.94620692e-03 8.79394364e-01 2.51432455e+00 8.83344136e-03
gen19perm18 1916.4780466170013824 2.64924091e+00 1.00238032e+00 2.94620692e-03 8.22372844e-01 2.51432455e+00 8.83344136e-03
gen19perm19 1916.4866610869673877 2.64924091e+00 9.86232587e-01 2.94620692e-03 4.05209018e-03 2.51432455e+00 8.83344136e-03
gen19perm12 1916.5591374309847197 2.64924091e+00 1.00107644e+00 2.94620692e-03 4.05209018e-03 3.59046335e+00 8.83344136e-03
gen18perm38 1916.5592968886917333 2.64924091e+00 1.00238032e+00 2.94620692e-03 4.05209018e-03 3.59046335e+00 8.83344136e-03
gen19perm20 1917.2218806177713759 2.64924091e+00 1.00238032e+00 2.93792086e-03 8.79394364e-01 3.81763936e+00 8.83344136e-03
gen19perm10 1917.3598741977111786 2.64924091e+00 9.60018103e-01 2.94620692e-03 4.05209018e-03 3.59046335e+00 8.75053841e-03
gen18perm21 1919.4474417865467331 2.64924091e+00 1.00325082e+00 2.94620692e-03 8.79394364e-01 2.51432455e+00 8.71543981e-03
gen17perm26 1919.4474432651384177 2.64924091e+00 1.00325082e+00 2.94620692e-03 8.79394364e-01 2.51432455e+00 8.71543981e-03
gen19perm31 1919.7387693889643288 2.61711553e+00 9.02046723e-01 2.88858552e-03 3.72257106e-03 2.25428145e+00 8.83344136e-03
gen18perm42 1920.1210170781448596 2.59493422e+00 8.13730477e-01 2.97540976e-03 3.92714851e-03 2.38122537e+00 8.83344136e-03
gen19perm9 1920.1532612032231100 2.79214813e+00 1.00238032e+00 2.94620692e-03 8.79394364e-01 2.71407511e+00 8.56684387e-03
gen18perm11 1920.1699152248925202 2.79214813e+00 1.00238032e+00 2.94620692e-03 8.79394364e-01 2.51421158e+00 8.56684387e-03
gen19perm1 1920.1770141029612660 2.79214813e+00 1.00238032e+00 2.94620692e-03 8.79394364e-01 2.44164689e+00 8.56684387e-03
gen19perm37 1920.2477024110580714 2.59493422e+00 1.00238032e+00 2.97540976e-03 3.64344056e-03 2.25428145e+00 8.83344136e-03
gen19perm22 1920.2950302882716187 2.79214813e+00 1.00325082e+00 2.94620692e-03 8.79394364e-01 2.51421158e+00 8.60904609e-03
gen19perm11 1920.3297193440985211 2.64924091e+00 9.52886263e-01 2.91190011e-03 7.81656683e-01 2.51432455e+00 8.83344136e-03
gen18perm12 1920.3297193440985211 2.64924091e+00 9.52886263e-01 2.91190011e-03 7.81656683e-01 2.51432455e+00 8.83344136e-03
gen18perm20 1921.0381644581766523 2.41512642e+00 1.00238032e+00 2.71042182e-03 4.12717127e-03 2.25428145e+00 8.83344136e-03
gen19perm38 1921.1037531983711233 2.41512642e+00 8.13730477e-01 2.71042182e-03 4.12717127e-03 2.38122537e+00 8.83344136e-03
gen17perm45 1921.3148059184381964 2.79214813e+00 9.02046723e-01 2.97252607e-03 8.79394364e-01 2.25428145e+00 8.56684387e-03
gen17perm20 1921.8088551733503664 2.64924091e+00 9.09427179e-01 2.94620692e-03 8.79394364e-01 2.44237298e+00 8.68486064e-03
gen13perm13 1921.9441444740687075 2.79214813e+00 9.36218439e-02 2.91190011e-03 7.81656683e-01 2.44237298e+00 8.56684387e-03
gen17perm16 1922.0146760367254046 2.79214813e+00 8.26210323e-01 2.91190011e-03 7.81656683e-01 2.39947025e+00 8.56684387e-03
gen16perm25 1922.0257140589778828 2.79214813e+00 8.26210323e-01 2.91190011e-03 7.81656683e-01 2.44237298e+00 8.56684387e-03
gen17perm42 1922.0257243227399613 2.79214813e+00 8.26210323e-01 2.91190011e-03 7.71294368e-01 2.44237298e+00 8.56684387e-03
gen15perm8 1922.0341401720172598 2.79214813e+00 9.02046723e-01 2.91190011e-03 8.79394364e-01 2.44237298e+00 8.56684387e-03
gen17perm18 1922.0398121782816361 2.79214813e+00 9.52886263e-01 2.91190011e-03 7.81656683e-01 2.44237298e+00 8.56684387e-03
gen16perm33 1922.0607250018747436 2.79214813e+00 9.02046723e-01 2.91190011e-03 8.79394364e-01 2.55137568e+00 8.56684387e-03
gen18perm48 1922.1980255512360145 2.61711553e+00 9.02046723e-01 2.71042182e-03 4.05209018e-03 4.08669837e+00 8.30906943e-03
gen15perm33 1922.2077799763656003 2.61711553e+00 8.17039762e-01 2.71042182e-03 4.05209018e-03 3.86439468e+00 8.30906943e-03
gen17perm44 1922.2157034753554399 2.61711553e+00 9.02046723e-01 2.71042182e-03 4.05209018e-03 3.89365932e+00 8.30906943e-03
gen18perm5 1922.2157641532808157 2.61711553e+00 9.02046723e-01 2.71042182e-03 4.02246235e-03 3.89365932e+00 8.30906943e-03
gen17perm10 1922.2185264175966495 2.61711553e+00 9.02046723e-01 2.71042182e-03 4.05209018e-03 3.86439468e+00 8.30906943e-03
gen16perm17 1922.2185264175966495 2.61711553e+00 9.02046723e-01 2.71042182e-03 4.05209018e-03 3.86439468e+00 8.30906943e-03
gen16perm30 1922.2305884196459829 2.61711553e+00 8.69432404e-01 2.71042182e-03 8.79394364e-01 3.59046335e+00 8.30906943e-03
gen15perm35 1922.2342764181976236 2.61711553e+00 9.02046723e-01 2.71042182e-03 8.79394364e-01 3.59046335e+00 8.30906943e-03
gen18perm14 1922.2437187460227506 2.61711553e+00 8.69432404e-01 2.71042182e-03 4.05209018e-03 3.59046335e+00 8.30906943e-03
gen18perm50 1922.2473552810158708 2.61711553e+00 9.00067072e-01 2.71042182e-03 4.12229995e-03 3.59046335e+00 8.30906943e-03
gen18perm2 1922.2475329519425031 2.61711553e+00 9.02046723e-01 2.71042182e-03 4.15156253e-03 3.59046335e+00 8.30906943e-03
