Permutation Chi-Sq K2RT__FREE__ KD1__FREE__ kdephos__FREE__ km1__FREE__ km2__FREE__ kphos__FREE__
gen33perm16 1900.3987319573577679 2.30095216e+00 8.70136121e-01 3.19775504e-03 3.92714851e-03 2.59451174e+00 1.00671776e-02
gen32perm17 1900.3988886621350503 2.30095216e+00 8.70136121e-01 3.19775504e-03 3.92714851e-03 2.32109323e+00 1.00671776e-02
gen33perm20 1900.3998471484851507 2.30095216e+00 8.70136121e-01 3.19775504e-03 3.61158129e-03 2.32109323e+00 1.00671776e-02
gen33perm35 1900.6018885870596478 2.26539961e+00 1.04802163e+00 3.19775504e-03 3.92714851e-03 2.88499212e+00 1.00671776e-02
gen33perm47 1900.9251004199122690 2.31121127e+00 9.32455261e-01 3.19775504e-03 3.92714851e-03 2.26115674e+00 1.00671776e-02
gen31perm3 1901.6309858258498480 2.32014279e+00 1.04802163e+00 3.19775504e-03 3.92714851e-03 2.32109323e+00 1.00671776e-02
gen30perm12 1901.6373717185215355 2.32014279e+00 8.84373258e-01 3.19775504e-03 4.15167338e-03 2.43556623e+00 1.00671776e-02
gen31perm36 1901.6378372085755473 2.32014279e+00 8.84373258e-01 3.19775504e-03 3.92714851e-03 2.43556623e+00 1.00671776e-02
gen30perm34 1901.6378372085755473 2.32014279e+00 8.84373258e-01 3.19775504e-03 3.92714851e-03 2.43556623e+00 1.00671776e-02
gen31perm33 1901.6423578074311536 2.32014279e+00 9.20869319e-01 3.19775504e-03 3.92714851e-03 2.43556623e+00 1.00671776e-02
gen31perm42 1901.6490185596162519 2.32014279e+00 9.79416747e-01 3.19775504e-03 4.12402764e-03 2.43556623e+00 1.00671776e-02
gen29perm13 1901.6578792091729611 2.32014279e+00 1.04802163e+00 3.19775504e-03 3.92714851e-03 2.43556623e+00 1.00671776e-02
gen33perm19 1901.6578792179491302 2.32014279e+00 1.04802163e+00 3.19775504e-03 3.92714851e-03 2.43556623e+00 1.00671776e-02
gen33perm12 1901.6650210700379375 2.32014279e+00 1.10638083e+00 3.19775504e-03 3.92714851e-03 2.43556623e+00 1.00671776e-02
gen31perm2 1901.6650210700822754 2.32014279e+00 1.10638083e+00 3.19775504e-03 3.92714851e-03 2.43556623e+00 1.00671776e-02
gen31perm26 1901.6657287946202359 2.32014279e+00 8.75303991e-01 3.19775504e-03 4.15167338e-03 2.57021673e+00 1.00671776e-02
gen31perm39 1901.6690513298533460 2.32014279e+00 9.32455261e-01 3.19775504e-03 7.44299720e-01 2.59451174e+00 1.00671776e-02
gen32perm5 1901.6719248019815041 2.32014279e+00 9.20869319e-01 3.19775504e-03 3.86246503e-03 2.57021673e+00 1.00671776e-02
gen31perm29 1901.6768556253844054 2.32014279e+00 9.20869319e-01 3.19775504e-03 3.92714851e-03 2.59451174e+00 1.00671776e-02
gen30perm36 1901.6768556253844054 2.32014279e+00 9.20869319e-01 3.19775504e-03 3.92714851e-03 2.59451174e+00 1.00671776e-02
gen30perm45 1901.6768556253844054 2.32014279e+00 9.20869319e-01 3.19775504e-03 3.92714851e-03 2.59451174e+00 1.00671776e-02
gen32perm14 1901.6804851827851053 2.32014279e+00 9.50839849e-01 3.19775504e-03 3.92714851e-03 2.59451174e+00 1.00671776e-02
gen33perm48 1901.6820877002421639 2.32014279e+00 1.04802163e+00 3.19775504e-03 7.91643710e-01 2.59451174e+00 1.00671776e-02
gen33perm41 1901.6821671067154966 2.32014279e+00 1.04802163e+00 3.19775504e-03 7.44299720e-01 2.59451174e+00 1.00671776e-02
gen33perm25 1901.6835199793865741 2.32014279e+00 9.79416747e-01 3.19775504e-03 4.12402764e-03 2.59451174e+00 1.00671776e-02
gen33perm30 1901.6875444755253284 2.32014279e+00 1.00544522e+00 3.19775504e-03 3.79189512e-03 2.59451174e+00 1.00671776e-02
gen30perm31 1901.6905366928660897 2.32014279e+00 9.44432828e-01 3.19775504e-03 7.44299720e-01 2.69398732e+00 1.00671776e-02
gen33perm27 1901.6923700586264658 2.32014279e+00 1.04802163e+00 3.19775504e-03 3.92714851e-03 2.59451174e+00 1.00671776e-02
gen32perm8 1901.6923700586264658 2.32014279e+00 1.04802163e+00 3.19775504e-03 3.92714851e-03 2.59451174e+00 1.00671776e-02
gen31perm45 1901.6923700586264658 2.32014279e+00 1.04802163e+00 3.19775504e-03 3.92714851e-03 2.59451174e+00 1.00671776e-02
gen33perm21 1901.6939947552682497 2.32014279e+00 8.84373258e-01 3.19775504e-03 3.92714851e-03 2.70179552e+00 1.00671776e-02
gen31perm43 1901.6939952340987929 2.32014279e+00 8.84373258e-01 3.19775504e-03 3.92714851e-03 2.70179552e+00 1.00671776e-02
gen33perm9 1901.6979757288343080 2.32014279e+00 9.32455261e-01 3.19775504e-03 7.44299720e-01 2.73885678e+00 1.00671776e-02
gen32perm26 1901.6995671487702566 2.32014279e+00 1.10665003e+00 3.19775504e-03 3.92714851e-03 2.59451174e+00 1.00671776e-02
gen33perm49 1901.7016911449748022 2.32014279e+00 9.44432828e-01 3.19775504e-03 4.15252797e-03 2.70604893e+00 1.00671776e-02
gen32perm37 1901.7106137669443342 2.32014279e+00 1.03549302e+00 3.19775504e-03 3.92714851e-03 2.69236266e+00 1.00671776e-02
gen33perm50 1901.7153933877611962 2.32014279e+00 9.50839849e-01 3.19775504e-03 7.44299720e-01 2.82088303e+00 1.00671776e-02
gen31perm38 1901.7220993712132895 2.32014279e+00 1.04802163e+00 3.19775504e-03 3.92714851e-03 2.74382807e+00 1.00671776e-02
gen32perm22 1901.7220993719386115 2.32014279e+00 1.04802163e+00 3.19775504e-03 3.92714851e-03 2.74382807e+00 1.00671776e-02
gen33perm29 1901.7243466132349567 2.32014279e+00 1.04802163e+00 3.19775504e-03 3.92714851e-03 2.75577573e+00 1.00671776e-02
gen33perm32 1901.7280082579350164 2.32014279e+00 8.84373258e-01 3.19775504e-03 3.92714851e-03 2.88499212e+00 1.00671776e-02
gen32perm38 1901.7284903001532257 2.32014279e+00 1.10465568e+00 3.19775504e-03 4.12882805e-03 2.74382807e+00 1.00671776e-02
gen31perm21 1901.7428224387840601 2.32014279e+00 1.00544522e+00 3.19775504e-03 3.92714851e-03 2.88499212e+00 1.00671776e-02
gen32perm31 1901.7431610412966165 2.32014279e+00 1.00544522e+00 3.19775504e-03 3.79189512e-03 2.88499212e+00 1.00671776e-02
gen30perm14 1901.7480178321036419 2.32014279e+00 1.04802163e+00 3.19775504e-03 3.92714851e-03 2.88499212e+00 1.00671776e-02
gen33perm22 1901.7480178328603415 2.32014279e+00 1.04802163e+00 3.19775504e-03 3.92714851e-03 2.88499212e+00 1.00671776e-02
gen32perm25 1901.7480178328603415 2.32014279e+00 1.04802163e+00 3.19775504e-03 3.92714851e-03 2.88499212e+00 1.00671776e-02
gen33perm46 1901.7544040640937055 2.32014279e+00 1.10465568e+00 3.19775504e-03 4.12882805e-03 2.88499212e+00 1.00671776e-02
gen30perm3 1903.7424468419806090 2.47886271e+00 9.20869319e-01 3.42985608e-03 3.92714851e-03 2.59451174e+00 1.00671776e-02
gen33perm11 1904.1395876883384517 2.42770222e+00 8.84373258e-01 3.19775504e-03 3.92714851e-03 2.43556623e+00 9.74802758e-03
