Permutation Chi-Sq K2RT__FREE__ KD1__FREE__ kdephos__FREE__ km1__FREE__ km2__FREE__ kphos__FREE__
gen11perm14 1922.5118581419847033 2.61711553e+00 9.02046723e-01 2.71042182e-03 4.05209018e-03 2.25428145e+00 8.30906943e-03
gen11perm50 1924.6804577585455718 2.97190101e+00 9.02046723e-01 2.94620692e-03 3.66094057e-03 3.86439468e+00 8.30906943e-03
gen11perm32 1924.7471787915201276 2.97190101e+00 9.02046723e-01 2.94620692e-03 8.79394364e-01 2.33575796e+00 8.30906943e-03
gen11perm43 1926.0954063632780162 3.01192041e+00 9.02046723e-01 2.94620692e-03 8.79394364e-01 2.33575796e+00 8.30906943e-03
gen11perm38 1927.5549861931624491 2.88534374e+00 9.02046723e-01 2.94620692e-03 8.18516926e-01 2.33575796e+00 8.56684387e-03
gen11perm44 1928.2703266854555295 2.96006960e+00 9.79929971e-02 2.99554414e-03 8.18516926e-01 2.33575796e+00 8.56684387e-03
gen11perm17 1931.1590481877333332 2.86720590e+00 9.02046723e-01 2.94620692e-03 8.83308385e-01 3.86439468e+00 8.30906943e-03
gen11perm18 1934.9830338366791693 2.97190101e+00 9.02046723e-01 2.94620692e-03 8.18516926e-01 3.90979015e+00 8.15556412e-03
gen11perm48 1936.2244918556502853 2.79214813e+00 9.02046723e-01 2.91190011e-03 4.36248900e-03 2.27904937e+00 8.30906943e-03
gen11perm25 1944.6836003551989052 2.79214813e+00 9.79929971e-02 2.71042182e-03 3.93512370e-03 2.31280179e+00 8.30906943e-03
gen11perm24 1944.9369658898231137 2.79214813e+00 9.79929971e-02 2.71042182e-03 3.89540217e-03 2.54341458e+00 8.30906943e-03
gen11perm42 1945.4609186669124483 2.97190101e+00 8.91528913e-01 2.94620692e-03 8.90954698e-01 2.33575796e+00 8.56684387e-03
gen11perm13 1947.4615035688079843 2.79214813e+00 1.02306703e-01 2.94620692e-03 8.18516926e-01 2.33575796e+00 8.30906943e-03
gen11perm47 1947.4640010368539151 2.79214813e+00 9.79929971e-02 2.94620692e-03 4.05209018e-03 2.33575796e+00 8.30906943e-03
gen11perm49 1947.5488104170665338 2.79214813e+00 8.80021279e-01 2.94620692e-03 9.09066258e-01 2.33575796e+00 8.30906943e-03
gen11perm36 1949.3249408576198221 2.97190101e+00 9.79929971e-02 3.21143606e-03 8.79394364e-01 2.33575796e+00 8.56684387e-03
gen11perm35 1952.5085012533877489 2.84390434e+00 9.02046723e-01 2.99554414e-03 8.18516926e-01 2.51489566e+00 8.30906943e-03
gen11perm41 1971.8361919965686866 2.78176303e+00 8.83899037e-02 2.99554414e-03 8.79394364e-01 3.86439468e+00 8.30906943e-03
gen11perm37 1973.3364769353322572 2.78176303e+00 9.79929971e-02 2.99554414e-03 8.18516926e-01 2.52363624e+00 8.30906943e-03
gen11perm22 1980.8105572440233573 2.86720590e+00 9.02046723e-01 2.94620692e-03 7.95561011e-01 3.69719420e+00 8.07025509e-03
gen11perm7 1987.0560711211969647 2.79214813e+00 9.02046723e-01 2.94620692e-03 8.18516926e-01 2.33575796e+00 8.15556412e-03
gen11perm6 1993.4741234512443953 2.79214813e+00 9.79929971e-02 2.91190011e-03 8.56657008e-01 2.27904937e+00 8.07025509e-03
gen11perm8 2003.3032263639572648 2.86720590e+00 9.02046723e-01 2.94620692e-03 4.05209018e-03 3.69719420e+00 8.95833837e-03
gen11perm26 2012.0131241770704946 2.63508983e+00 9.02046723e-01 2.94620692e-03 4.05209018e-03 2.30274466e+00 8.30906943e-03
gen11perm31 2014.8428890315394710 2.97190101e+00 9.02046723e-01 2.94620692e-03 8.79394364e-01 3.97819103e+00 7.83703531e-03
gen11perm5 2040.9883399499617553 1.12198051e+01 8.85874055e-01 3.67812568e-03 4.05209018e-03 4.16747345e-03 8.30906943e-03
gen11perm12 2045.7233161498622849 1.12198051e+01 9.30163449e+00 3.56377651e-03 8.56657008e-01 3.85497685e-03 8.30906943e-03
gen11perm23 2057.2557700622933226 2.97190101e+00 9.02046723e-01 2.74336916e-03 8.79394364e-01 2.33575796e+00 8.49160261e-03
gen11perm9 2073.5347026453200669 1.19541991e+01 3.48333639e-02 3.56377651e-03 8.78806520e-01 3.79863663e-03 8.30906943e-03
gen11perm11 2074.1129623740403076 1.19541991e+01 3.48333639e-02 3.56377651e-03 4.73958583e-03 3.79863663e-03 7.58975922e-03
gen11perm10 2102.2436330802070188 1.12198051e+01 1.00474442e+01 3.78592239e-03 4.75309040e-03 4.16747345e-03 7.94486338e-03
gen11perm30 2111.7816226622567228 1.12164513e+01 9.02046723e-01 3.50855170e-03 8.56657008e-01 3.88984895e-03 7.51394797e-03
gen11perm21 2160.7124015727199549 1.12198051e+01 9.02046723e-01 3.35288403e-03 4.73958583e-03 4.09692420e-03 8.36181651e-03
gen11perm29 2247.8045582356949126 2.86720590e+00 9.68939180e-01 2.71449269e-03 8.18516926e-01 3.69719420e+00 8.95283215e-03
gen11perm46 2860.1346327877308795 1.27228317e+01 9.51569688e-01 3.95975171e-03 4.73958583e-03 2.28350190e+00 7.66425597e-03
gen11perm27 3637.1861745770670495 1.19541991e+01 9.79929971e-02 3.78054921e-03 4.73958583e-03 2.33575796e+00 8.30906943e-03
gen11perm20 3818.0013003809749534 1.19541991e+01 9.02046723e-01 3.56377651e-03 8.56657008e-01 2.25428145e+00 8.07025509e-03
gen11perm4 3940.2343029806984305 1.13550697e+01 9.79929971e-02 3.56377651e-03 8.18516926e-01 2.43442132e+00 8.30906943e-03
gen11perm16 5158.3992439293315329 1.06341769e+01 8.39488952e-01 2.94620692e-03 7.92820589e-01 2.26169146e+00 8.30906943e-03
gen11perm1 5293.7549215847666346 1.12198051e+01 9.76998730e-01 2.94620692e-03 9.32557061e-01 3.86439468e+00 8.30906943e-03
gen11perm33 5528.9460663602749264 1.19541991e+01 9.02046723e-01 2.91190011e-03 8.41772146e-01 2.44237298e+00 8.30906943e-03
gen11perm40 5764.4900413148034204 1.12198051e+01 9.46694204e-01 2.91190011e-03 8.18516926e-01 2.44237298e+00 8.68864710e-03
gen11perm19 6324.3758757746663832 2.79214813e+00 9.79929971e-02 2.71042182e-03 4.33823899e-03 4.03448921e-03 8.30906943e-03
gen11perm45 6481.8553780200536494 2.80019339e+00 3.54652843e-02 2.91190011e-03 8.18516926e-01 4.16747345e-03 8.30906943e-03
gen11perm3 6638.5625710464382792 2.79214813e+00 3.64778983e-02 2.91190011e-03 8.39880076e-01 4.16747345e-03 8.07025509e-03
gen11perm28 6734.5222293056785929 2.78176303e+00 9.18833291e-01 2.99554414e-03 8.18516926e-01 3.85411079e-03 8.56684387e-03
gen11perm15 7318.4944412596623806 2.79214813e+00 3.62388259e-02 3.56377651e-03 8.55206242e-01 4.16747345e-03 8.30906943e-03
gen11perm39 7544.1870111144680777 2.91920341e+00 9.05652349e-01 3.78054921e-03 2.21386297e-02 3.85589793e-03 8.30906943e-03
gen11perm34 7636.1164458749863115 2.80019339e+00 9.02046723e-01 3.78054921e-03 4.82170189e-03 4.03448921e-03 8.30906943e-03
gen11perm2 7695.3030558527598259 2.97190101e+00 9.05652349e-01 3.78054921e-03 2.21386297e-02 3.87581927e-03 7.86180059e-03
