Permutation Chi-Sq K2RT__FREE__ KD1__FREE__ kdephos__FREE__ km1__FREE__ km2__FREE__ kphos__FREE__
gen14perm8 1922.5118574657926729 2.61711553e+00 9.02046723e-01 2.71042182e-03 4.05209018e-03 2.25428145e+00 8.30906943e-03
gen14perm34 1923.4166683358521368 2.87499383e+00 8.48577491e-02 2.96321495e-03 9.64298013e-01 2.55399990e+00 8.56684387e-03
gen14perm46 1924.6456859564052593 2.97190101e+00 8.48577491e-02 2.94620692e-03 9.64298013e-01 2.44237298e+00 8.30906943e-03
gen14perm2 1924.6681103985313257 2.97190101e+00 9.02046723e-01 2.94620692e-03 8.79394364e-01 3.86439468e+00 8.30906943e-03
gen14perm39 1924.7363292736897620 2.97190101e+00 8.61825993e-01 2.94620692e-03 8.79394364e-01 2.40089657e+00 8.30906943e-03
gen14perm13 1924.7369740266926783 2.97190101e+00 9.02046723e-01 2.94620692e-03 8.79394364e-01 2.44237298e+00 8.30906943e-03
gen14perm6 1924.7403964058300971 2.97190101e+00 8.68993948e-01 2.94620692e-03 8.79394364e-01 2.36654054e+00 8.30906943e-03
gen14perm42 1924.7469503064648961 2.97190101e+00 9.02046723e-01 2.94620692e-03 9.60002036e-01 2.33849963e+00 8.30906943e-03
gen14perm1 1924.7471787915201276 2.97190101e+00 9.02046723e-01 2.94620692e-03 8.79394364e-01 2.33575796e+00 8.30906943e-03
gen14perm11 1924.7471787915201276 2.97190101e+00 9.02046723e-01 2.94620692e-03 8.79394364e-01 2.33575796e+00 8.30906943e-03
gen14perm20 1924.7472360884466980 2.97190101e+00 9.02046723e-01 2.94620692e-03 8.09830025e-01 2.33575796e+00 8.30906943e-03
gen14perm24 1924.7483836222158970 2.97190101e+00 8.58374994e-01 2.94620692e-03 8.79394364e-01 2.27904937e+00 8.30906943e-03
gen14perm30 1925.1453009502429268 2.78176303e+00 8.30786306e-01 2.99554414e-03 8.18516926e-01 2.33575796e+00 8.56684387e-03
gen14perm3 1925.5362853086253381 2.93337466e+00 9.61143696e-01 2.94620692e-03 8.79394364e-01 2.33575796e+00 8.30906943e-03
gen14perm5 1925.6757705784029895 3.10054399e+00 9.02046723e-01 3.02936956e-03 3.66094057e-03 3.86439468e+00 8.30906943e-03
gen14perm9 1925.8541530335278367 2.97190101e+00 9.02046723e-01 2.94620692e-03 8.79394364e-01 3.86439468e+00 8.37832750e-03
gen14perm50 1925.8929784926897355 2.97190101e+00 9.02046723e-01 3.12564535e-03 9.64298013e-01 2.19179765e+00 8.56684387e-03
gen14perm17 1926.1461489679286387 3.00999283e+00 9.02046723e-01 2.94620692e-03 8.14768276e-01 3.86439468e+00 8.30906943e-03
gen14perm4 1926.2911607520684356 3.01192041e+00 9.02046723e-01 2.94620692e-03 8.79394364e-01 4.13237308e+00 8.30906943e-03
gen14perm18 1926.3289573956558343 2.97190101e+00 1.00238032e+00 3.04750471e-03 8.79394364e-01 2.51432455e+00 8.42441153e-03
gen14perm16 1926.8249755779277166 2.97190101e+00 9.57751453e-01 2.91190011e-03 8.99323179e-01 3.86439468e+00 8.30906943e-03
gen14perm23 1927.2942033249762517 2.97190101e+00 8.90407738e-01 2.94620692e-03 9.45012671e-01 3.86439468e+00 8.40563943e-03
gen14perm25 1928.8609302127074443 2.88534374e+00 8.58662805e-01 2.94620692e-03 8.79394364e-01 3.86439468e+00 8.30906943e-03
gen14perm29 1929.7627704573387746 2.97190101e+00 9.79929971e-02 2.94620692e-03 3.66094057e-03 3.86439468e+00 8.20321676e-03
gen14perm49 1929.9104571603063505 2.88218313e+00 9.02046723e-01 2.94620692e-03 8.79394364e-01 2.33575796e+00 8.30906943e-03
gen14perm43 1930.1786618602475301 2.97190101e+00 9.02046723e-01 2.99554414e-03 3.66094057e-03 2.33575796e+00 8.56684387e-03
gen14perm31 1930.9544622848172821 3.01192041e+00 9.57368571e-01 2.91091603e-03 8.79394364e-01 2.33575796e+00 8.30906943e-03
gen14perm45 1931.0650612962278956 2.97190101e+00 8.89888828e-01 2.91190011e-03 8.23891325e-01 2.31454758e+00 8.37832750e-03
gen14perm19 1932.0271320616379853 2.86720590e+00 9.02046723e-01 2.94620692e-03 8.56298653e-01 2.24441403e+00 8.30906943e-03
gen14perm40 1934.4812232804731593 2.97190101e+00 9.02046723e-01 2.94620692e-03 8.79394364e-01 2.22059770e+00 8.49192888e-03
gen14perm48 1936.6030715207791673 2.88534374e+00 9.02046723e-01 2.91190011e-03 7.99574525e-01 2.44237298e+00 8.56684387e-03
gen14perm38 1937.7344834238849671 2.97190101e+00 9.02046723e-01 3.16129999e-03 7.56044271e-01 2.15967881e+00 8.53806662e-03
gen14perm37 1939.4184137686565919 2.95379282e+00 9.35624301e-01 2.94620692e-03 8.79394364e-01 3.86439468e+00 8.55019917e-03
gen14perm15 1942.0010631296136125 2.81306058e+00 8.42903809e-01 2.94620692e-03 8.18516926e-01 2.56397834e+00 8.30906943e-03
gen14perm35 1945.5884992146468448 2.97190101e+00 9.11293912e-01 2.94620692e-03 9.64298013e-01 2.44237298e+00 8.56684387e-03
gen14perm10 1945.6490181838507851 3.00175281e+00 9.49002774e-01 2.85178213e-03 9.64298013e-01 2.33575796e+00 8.30906943e-03
gen14perm41 1948.5097826029009411 2.97190101e+00 9.71920213e-01 2.85568793e-03 8.79394364e-01 2.48052944e+00 8.37832750e-03
gen14perm7 1953.1642211287241935 2.97190101e+00 8.24398855e-01 3.08349174e-03 8.79394364e-01 2.40089657e+00 8.30906943e-03
gen14perm27 1960.8180610070899093 2.97190101e+00 9.02046723e-01 2.91190011e-03 7.99837176e-01 2.44237298e+00 8.56684387e-03
gen14perm12 1968.7581458070617373 2.72307122e+00 8.30786306e-01 2.94620692e-03 3.66094057e-03 3.57910602e+00 8.30906943e-03
gen14perm36 1976.8549307244893498 2.88218313e+00 1.02571790e+00 3.07243246e-03 8.18516926e-01 2.33575796e+00 8.30906943e-03
gen14perm14 1991.0448856961127149 2.97190101e+00 9.02046723e-01 2.91190011e-03 8.16511163e-01 2.24960103e+00 7.84823838e-03
gen14perm44 2005.2404023042561221 2.78176303e+00 9.36994900e-02 3.05112317e-03 8.18516926e-01 3.86439468e+00 8.30906943e-03
gen14perm28 2040.2644680215444168 2.93311958e+00 9.36218439e-02 2.65601358e-03 7.81656683e-01 2.33575796e+00 8.30906943e-03
gen14perm32 2057.7955283125847927 2.97190101e+00 9.02046723e-01 2.66451437e-03 9.22058156e-01 3.86439468e+00 8.30906943e-03
gen14perm22 2074.7511766801189879 2.96006960e+00 9.79929971e-02 2.99554414e-03 8.18516926e-01 2.39301899e+00 9.12810734e-03
gen14perm33 2079.5684102264158355 2.97190101e+00 9.02046723e-01 2.92114049e-03 9.64298013e-01 2.33575796e+00 7.64701106e-03
gen14perm47 2089.9756021369553309 2.79214813e+00 9.36218439e-02 2.85553014e-03 7.81656683e-01 2.33575796e+00 9.10652713e-03
gen14perm21 2100.5761127384321298 2.88534374e+00 9.93940535e-02 2.94620692e-03 8.18516926e-01 2.33575796e+00 7.75796758e-03
gen14perm26 2189.1717195436822294 3.06515361e+00 9.02046723e-01 2.71516187e-03 8.18516926e-01 2.33575796e+00 8.56684387e-03
