Permutation Chi-Sq K2RT__FREE__ KD1__FREE__ kdephos__FREE__ km1__FREE__ km2__FREE__ kphos__FREE__
gen20perm38 1915.8063166722963615 2.61711553e+00 1.00238032e+00 2.94620692e-03 8.40282004e-01 2.51432455e+00 8.83344136e-03
gen20perm47 1915.8428363955736131 2.61711553e+00 1.09600431e+00 2.94620692e-03 8.40282004e-01 2.37793120e+00 8.83344136e-03
gen20perm43 1915.9160061848840542 2.64924091e+00 9.60018103e-01 2.96164491e-03 4.05209018e-03 3.61776031e+00 8.83344136e-03
gen20perm3 1916.0596982529332308 2.61711553e+00 9.02046723e-01 2.92475828e-03 8.51679792e-01 2.25428145e+00 8.83344136e-03
gen20perm36 1916.0708018652583178 2.61711553e+00 9.02046723e-01 2.92475828e-03 3.72257106e-03 2.25428145e+00 8.83344136e-03
gen20perm7 1916.0712523340125699 2.61711553e+00 1.00238032e+00 2.92475828e-03 8.40282004e-01 2.26233196e+00 8.83344136e-03
gen20perm50 1916.1200476348926713 2.64924091e+00 7.52133062e-01 2.97540976e-03 9.25513447e-01 2.38122537e+00 8.83344136e-03
gen20perm25 1916.1240959637320884 2.61711553e+00 9.02046723e-01 2.92475828e-03 3.72257106e-03 3.59046335e+00 8.83344136e-03
gen20perm33 1916.1248072198088721 2.61711553e+00 1.00238032e+00 2.92475828e-03 8.79394364e-01 3.59046335e+00 8.83344136e-03
gen20perm30 1916.4571139148920338 2.64924091e+00 9.53672759e-01 2.94620692e-03 8.79394364e-01 2.33120420e+00 8.83344136e-03
gen20perm28 1916.4617097467798885 2.64924091e+00 9.09427179e-01 2.94620692e-03 8.79394364e-01 2.44237298e+00 8.83344136e-03
gen20perm24 1916.4641040086110024 2.64924091e+00 1.00238032e+00 2.94620692e-03 8.57929364e-01 2.34890736e+00 8.83344136e-03
gen20perm46 1916.4649709762434213 2.64924091e+00 9.86232587e-01 2.94620692e-03 9.25513447e-01 2.37969553e+00 8.83344136e-03
gen20perm22 1916.4654394814519947 2.64924091e+00 9.02046723e-01 2.94620692e-03 3.92714851e-03 2.37969553e+00 8.83344136e-03
gen20perm14 1916.4780278723137599 2.64924091e+00 1.00238032e+00 2.94620692e-03 8.79394364e-01 2.51421158e+00 8.83344136e-03
gen20perm45 1916.4805197784771735 2.64924091e+00 9.36153030e-01 2.94620692e-03 4.05209018e-03 2.51432455e+00 8.83344136e-03
gen20perm42 1916.4843199303882102 2.64924091e+00 9.11835001e-01 2.94620692e-03 4.05209018e-03 2.59929062e+00 8.83344136e-03
gen20perm49 1916.6336864000109017 2.59493422e+00 9.46957597e-01 2.94620692e-03 3.92714851e-03 2.25459396e+00 8.83344136e-03
gen20perm1 1917.2640236449954045 2.64924091e+00 8.69873223e-01 2.91190011e-03 4.05209018e-03 2.59603119e+00 8.75053841e-03
gen20perm44 1917.6939662695340303 2.64924091e+00 1.01669128e+00 2.94620692e-03 3.92714851e-03 2.22539240e+00 8.75053841e-03
gen20perm48 1917.7197801730619631 2.64924091e+00 1.00238032e+00 2.92475828e-03 8.79394364e-01 2.51432455e+00 8.71543981e-03
gen20perm37 1918.3967202070368785 2.64924091e+00 1.00238032e+00 2.92475828e-03 8.79394364e-01 2.34890736e+00 8.83344136e-03
gen20perm19 1918.6580685705762335 2.64924091e+00 1.00238032e+00 2.92497208e-03 4.30297698e-03 3.55165248e+00 8.83344136e-03
gen20perm18 1919.7384375899973747 2.61711553e+00 9.02046723e-01 2.88858552e-03 3.94650348e-03 2.25428145e+00 8.83344136e-03
gen20perm12 1920.2955459808263186 2.59493422e+00 8.13730477e-01 2.97540976e-03 3.64344056e-03 2.16894415e+00 8.83344136e-03
gen20perm4 1920.3097158636919630 2.79214813e+00 1.03373071e+00 2.94620692e-03 3.72257106e-03 2.51421158e+00 8.60904609e-03
gen20perm2 1920.4763392753754943 2.64924091e+00 8.78723909e-01 2.91274113e-03 7.81656683e-01 3.43545681e+00 8.83344136e-03
gen20perm27 1921.8539361044265661 2.64924091e+00 9.36153030e-01 2.94620692e-03 9.25513447e-01 2.37969553e+00 8.68486064e-03
gen20perm16 1922.0410074327110124 2.64924091e+00 9.93310557e-01 2.81471609e-03 8.79394364e-01 2.51421158e+00 8.60904609e-03
gen20perm10 1924.9115322621901214 2.64924091e+00 9.02046723e-01 2.88858552e-03 3.72257106e-03 2.25428145e+00 8.83344136e-03
gen20perm15 1929.4301846256198587 2.55580611e+00 1.02247789e+00 2.94620692e-03 3.87056428e-03 3.59046335e+00 8.75053841e-03
gen20perm17 1932.7720831610197365 2.75628154e+00 1.08806580e+00 2.94620692e-03 3.72257106e-03 3.66019092e+00 8.83344136e-03
gen20perm23 1936.7458301042154289 2.77514086e+00 1.00238032e+00 2.94620692e-03 8.22372844e-01 2.51432455e+00 8.83344136e-03
gen20perm40 1936.8616800912770941 2.64924091e+00 1.00238032e+00 2.94620692e-03 8.79394364e-01 2.51432455e+00 8.56684387e-03
gen20perm35 1948.0700286198145932 2.78593719e+00 9.02046723e-01 2.92475828e-03 3.92714851e-03 2.22539240e+00 8.83344136e-03
gen20perm21 1951.8903752770636402 2.61711553e+00 9.36153030e-01 2.92475828e-03 9.25513447e-01 2.20572585e+00 9.15533676e-03
gen20perm9 1955.6035362384766358 2.61356585e+00 1.00238032e+00 2.82683314e-03 9.00460465e-01 2.51432455e+00 8.29382487e-03
gen20perm39 1956.6355937390824238 2.79214813e+00 9.52886263e-01 2.91190011e-03 7.81656683e-01 2.44237298e+00 8.83344136e-03
gen20perm13 1958.8471776514079465 2.57320885e+00 1.00238032e+00 2.94620692e-03 8.79394364e-01 2.51432455e+00 9.32003343e-03
gen20perm41 1961.5276811245385034 2.61213474e+00 8.17039762e-01 2.92497208e-03 9.25513447e-01 3.55165248e+00 8.45934462e-03
gen20perm20 1966.8083555597456780 2.61213474e+00 8.11958184e-01 3.12209446e-03 8.79394364e-01 2.51432455e+00 8.83344136e-03
gen20perm32 1970.6907687462853573 2.64924091e+00 1.09431575e+00 3.21824888e-03 3.76903989e-03 2.22539240e+00 8.95278854e-03
gen20perm29 1974.1733235875526589 2.88545146e+00 9.86232587e-01 2.94620692e-03 4.05209018e-03 2.51432455e+00 8.83344136e-03
gen20perm34 1985.1436013009474664 2.61711553e+00 9.02046723e-01 3.15843189e-03 3.72257106e-03 2.51432455e+00 8.83344136e-03
gen20perm8 1987.1632371215471267 2.61711553e+00 1.00238032e+00 2.92475828e-03 8.79394364e-01 2.51432455e+00 9.29430240e-03
gen20perm26 2014.8188892029645558 2.86363328e+00 1.00238032e+00 2.87413696e-03 4.05209018e-03 3.71268684e+00 8.83344136e-03
gen20perm11 2040.1600681015918326 2.43350397e+00 1.00238032e+00 2.97540976e-03 3.94703775e-03 2.38122537e+00 8.62446219e-03
gen20perm31 2086.2705506332340519 2.64924091e+00 1.00238032e+00 3.18658818e-03 8.65029586e-01 2.34890736e+00 8.57516153e-03
gen20perm6 2109.2991405435750494 2.59493422e+00 1.00238032e+00 2.92475828e-03 8.40282004e-01 2.25428145e+00 9.67269385e-03
gen20perm5 2137.4163751625615078 2.61711553e+00 1.00238032e+00 2.97540976e-03 3.64344056e-03 2.36876295e+00 8.11663870e-03
