Permutation Chi-Sq K2RT__FREE__ KD1__FREE__ kdephos__FREE__ km1__FREE__ km2__FREE__ kphos__FREE__
gen2perm29 3008.0369978380972498 1.19541991e+01 3.48333639e-02 3.78054921e-03 8.18516926e-01 1.99138094e-02 8.30906943e-03
gen2perm41 3569.2045909264475085 1.19541991e+01 2.92486889e+01 3.73385441e-03 8.78806520e-01 8.70754255e-02 8.30906943e-03
gen2perm3 4072.7781522250443231 1.19541991e+01 2.51014911e+02 3.56377651e-03 8.78806520e-01 2.77538270e+02 8.30906943e-03
gen2perm12 4377.5516704255924196 2.79214813e+00 9.02046723e-01 2.94620692e-03 4.32473415e-03 4.16747345e-03 1.73363347e+00
gen2perm21 5036.9603429345806944 1.63978288e-01 2.69810627e+00 2.39242503e-01 1.16156835e-03 2.12874013e+00 2.56485601e+02
gen2perm42 6222.9472718985316533 1.76792814e+02 3.63223284e-02 4.96606352e+01 2.17725830e-03 3.51590274e+00 2.45545552e+01
gen2perm33 6393.1371214275413877 4.36148741e+01 4.47890099e-01 3.78922956e+02 1.49159840e-03 3.06968937e-01 2.10142591e+02
gen2perm15 7231.7480231396239105 2.11885423e+00 4.41972736e+02 2.75484089e-02 1.35653828e-03 4.48421335e+01 1.30534761e-01
gen2perm45 7543.8455890895447737 2.37956241e-03 9.79929971e-02 2.97412122e-03 1.96226390e-03 2.72127304e+02 1.77014977e+00
gen2perm39 7593.6966897691099803 1.19541991e+01 9.54128659e+02 3.04361811e+01 1.48735409e+02 5.20937027e-01 2.96170378e+02
gen2perm27 7975.2769540468534615 1.07468850e-01 2.81192508e-03 1.05613846e-01 2.20658994e-02 3.06968937e-01 2.20481727e+02
gen2perm7 9015.9572681887802901 1.99882367e-02 1.00474442e+01 2.70511068e-03 1.29149769e-01 3.45714551e-01 3.16378045e-01
gen2perm20 9154.7446787224635045 1.62467309e+01 3.76751779e+02 9.20456535e+00 1.52488122e+02 3.78829886e-01 9.27759634e+01
gen2perm40 9436.1214936733122158 6.50447257e-01 3.63223284e-02 3.56377651e-03 8.78806520e-01 3.58003641e+00 8.07025509e-03
gen2perm9 11149.2034281525884580 1.76792814e+02 3.39064713e-03 5.45870871e+01 2.15509276e+00 1.76091578e-03 1.24187912e+01
gen2perm18 11330.7433712135953101 2.75272885e+01 3.90713167e-03 3.78922956e+02 1.49159840e-03 3.06968937e-01 9.42883031e+01
gen2perm10 12340.7847846022887097 1.88159934e-02 2.92486889e+01 2.61910705e-03 2.17725830e-03 9.06947127e-02 2.45545552e+01
gen2perm47 12388.6354571642514202 1.08753504e-01 2.86987905e-01 1.05613846e-01 2.17725830e-03 9.06947127e-02 2.45545552e+01
gen2perm46 12923.1957906717816513 6.54246950e+02 9.07159709e+01 6.86351637e-02 4.32473415e-03 2.25373376e+02 3.37010638e-01
gen2perm48 12990.7734654815176327 1.76792814e+02 2.92486889e+01 4.96606352e+01 2.09337789e-02 2.28457586e+00 7.11399578e+00
gen2perm16 13686.3817081519428029 2.77996048e+00 8.62326915e-02 1.22660112e-03 9.85111364e-01 4.04585257e+01 2.12982697e-02
gen2perm24 13770.6254279953718651 5.31690984e-01 9.45358465e-03 9.20456535e+00 1.52488122e+02 2.67649478e-03 8.90368751e+01
gen2perm36 14495.9582243345648749 5.31690984e-01 3.50351399e+02 9.69765807e-02 2.05918167e-02 2.28457586e+00 7.11399578e+00
gen2perm35 14800.4112018574742251 1.17834204e-01 2.86987905e-01 9.20456535e+00 1.52488122e+02 3.84539659e-02 8.69915254e+01
gen2perm4 15450.5872494880459271 2.41723484e-01 3.63223284e-02 2.87614408e+02 2.95156216e-03 3.51590274e+00 1.19024488e+02
gen2perm2 16014.9369129181068274 1.76792814e+02 2.92486889e+01 4.96606352e+01 2.17725830e-03 2.25373376e+02 1.73363347e+00
gen2perm50 16501.9456544792228669 1.62467309e+01 5.69672375e+00 1.88095624e+01 3.03244161e+02 4.05555192e-01 4.39431170e-01
gen2perm28 16505.4212912554176000 3.89825521e+02 2.90806019e-01 3.78922956e+02 1.49159840e-03 2.28457586e+00 7.11399578e+00
gen2perm1 16539.2101393444536370 2.37956241e-03 9.79929971e-02 2.94620692e-03 4.32473415e-03 8.45979655e-02 2.45545552e+01
gen2perm14 16557.0001038312402670 6.55711753e-02 2.92486889e+01 5.29115350e+01 9.50093005e-01 9.06947127e-02 2.45545552e+01
gen2perm25 16565.9774224105021858 1.08753504e-01 2.86987905e-01 1.11966070e-01 2.20658994e-02 3.82585235e-03 1.47806867e-01
gen2perm34 16601.5791800813167356 4.34022416e+02 2.81192508e-03 5.64822535e-02 3.98591086e-02 3.66547066e+02 7.63013629e-01
gen2perm26 16645.3095410606474616 3.27110604e-02 6.00968452e+01 1.03211824e+01 1.68379356e-03 2.48104029e+00 7.65505685e+00
gen2perm43 16907.6010357935265347 1.75194222e-03 2.55115428e+00 6.51973164e-02 1.96226390e-03 2.12874013e+00 3.37010638e-01
gen2perm38 17048.1034721674186585 1.73559154e+01 9.76592364e-03 1.96755465e+01 9.54868971e-01 2.67649478e-03 6.47852322e-02
gen2perm13 17048.3134205419773934 1.76792814e+02 9.45358465e-03 3.53955870e+02 2.17725830e-03 2.67649478e-03 8.82597118e-01
gen2perm30 17098.5649783606095298 6.28155271e-03 3.63223284e-02 7.50668793e+02 9.99285785e+02 3.51590274e+00 1.28370840e+02
gen2perm19 17101.1580054052501509 5.31690984e-01 2.24027578e+00 1.88095624e+01 1.68188164e+01 3.84539659e-02 6.40161820e-02
gen2perm22 17102.4656217385781929 1.86191163e-03 7.87512464e+01 2.58905115e-02 3.32416686e+02 7.07515926e-03 1.20797140e+02
gen2perm49 17112.4414843603881309 5.29564770e+00 2.24027578e+00 8.62783065e+01 1.52967526e+01 1.36541936e+00 6.47852322e-02
gen2perm8 17113.7015394174086396 1.62489611e-02 2.42008287e+01 2.48674518e+01 6.47133674e+00 2.41208485e-02 1.25052968e+00
gen2perm37 17124.5539456841652282 6.55711753e-02 2.24027578e+00 3.53955870e+02 1.46012834e+01 4.25421106e-01 8.82597118e-01
gen2perm11 17126.2041047675556911 2.37956241e-03 9.79929971e-02 3.56247803e+02 5.91437024e+00 2.25373376e+02 1.46210305e+01
gen2perm31 17128.7392179983435199 1.76792814e+02 7.53332720e-01 4.96606352e+01 2.17725830e-03 2.67732277e-01 1.05510812e-03
gen2perm6 17129.4394745833815250 1.61190002e-02 6.41020787e+00 1.77631018e+02 1.93018859e-01 1.03800715e+00 2.36576033e-02
gen2perm23 17130.6992430706850428 6.55711753e-02 3.76751779e+02 3.53955870e+02 9.50093005e-01 3.84539659e-02 8.82597118e-01
gen2perm5 17132.8167727136315079 1.28584931e+00 2.61242020e+02 9.01498830e+02 2.96596810e+01 1.21352241e-02 1.24901560e-03
gen2perm17 17817.8961695848083764 4.37662919e+02 2.81192508e-03 7.56504154e-01 3.68728638e+02 1.98628969e-02 2.20316589e+02
gen2perm32 18501.7397938612120925 1.03495923e+01 3.21668732e+01 1.29928319e-02 2.32499443e-03 9.06947127e-02 2.45545552e+01
gen2perm44 19191.9388841869877069 6.54246950e+02 9.07159709e+01 2.38457024e-02 1.16156835e-03 2.72127304e+02 2.68596447e+02
