Permutation Chi-Sq K2RT__FREE__ KD1__FREE__ kdephos__FREE__ km1__FREE__ km2__FREE__ kphos__FREE__
gen37perm18 1895.0642916855319982 2.23536713e+00 8.75303991e-01 3.35448981e-03 3.92714851e-03 2.59451174e+00 1.06201730e-02
gen37perm13 1896.3468572357539870 2.11491016e+00 1.04802163e+00 3.19775504e-03 3.92714851e-03 2.32109323e+00 1.04512489e-02
gen37perm11 1896.4476339217444547 2.30095216e+00 8.75303991e-01 3.35448981e-03 3.77321040e-03 2.59451174e+00 1.04187332e-02
gen37perm9 1896.4617814112743872 2.30095216e+00 8.75303991e-01 3.35448981e-03 3.92714851e-03 2.39159118e+00 1.04187332e-02
gen37perm14 1896.5872227540164658 2.30095216e+00 8.70136121e-01 3.43426458e-03 3.61547527e-03 2.88499212e+00 1.05097495e-02
gen37perm26 1898.5322968682062310 2.32014279e+00 1.01542977e+00 3.42452851e-03 3.89685408e-03 2.88499212e+00 1.04187332e-02
gen37perm30 1898.8488361271654412 2.32014279e+00 8.75303991e-01 3.42452851e-03 3.77321040e-03 2.32109323e+00 1.04187332e-02
gen37perm23 1899.3304432131703834 2.30095216e+00 1.04802163e+00 3.34769318e-03 3.90336313e-03 2.88499212e+00 1.05097495e-02
gen37perm7 1899.6038465299916425 2.30095216e+00 9.47019741e-01 3.41459476e-03 3.69085299e-03 2.88499212e+00 1.04187332e-02
gen37perm22 1900.3226908894137068 2.27265407e+00 7.79809049e-01 3.19775504e-03 3.69085299e-03 2.59451174e+00 1.00671776e-02
gen37perm3 1900.3933486663991062 2.30095216e+00 7.94853768e-01 3.19775504e-03 3.54781447e-03 2.88499212e+00 1.00671776e-02
gen37perm33 1900.3982886568189770 2.30095216e+00 8.61146913e-01 3.19775504e-03 3.69706554e-03 2.59451174e+00 1.00671776e-02
gen37perm48 1900.3987482084555722 2.30095216e+00 8.70136121e-01 3.19775504e-03 3.88689215e-03 2.35043515e+00 1.00671776e-02
gen37perm6 1900.4503489378375889 2.27265407e+00 1.04802163e+00 3.19775504e-03 3.90336313e-03 2.32109323e+00 1.00671776e-02
gen37perm37 1900.7762883131706531 2.30867299e+00 9.32455261e-01 3.19775504e-03 4.12393914e-03 2.32327208e+00 1.00671776e-02
gen37perm38 1900.9579818856427664 2.31121127e+00 8.70136121e-01 3.19775504e-03 3.92714851e-03 2.59451174e+00 1.00671776e-02
gen37perm28 1901.0266957568799171 2.31121127e+00 8.70136121e-01 3.19675422e-03 3.82655205e-03 2.59451174e+00 1.00671776e-02
gen37perm24 1901.6260789173397825 2.32014279e+00 1.00544522e+00 3.19775504e-03 3.79189512e-03 2.32109323e+00 1.00671776e-02
gen37perm19 1901.6461968725900533 2.32014279e+00 9.52164689e-01 3.19775504e-03 3.90232349e-03 2.43556623e+00 1.00671776e-02
gen37perm25 1901.6522497094163100 2.25275668e+00 1.04802163e+00 3.42452851e-03 3.90336313e-03 3.02482876e+00 1.05097495e-02
gen37perm12 1901.6663235649291437 2.32014279e+00 8.70136121e-01 3.19775504e-03 3.41358204e-03 2.56769126e+00 1.00671776e-02
gen37perm27 1903.2538270907009519 2.30095216e+00 9.32455261e-01 3.25866616e-03 3.92714851e-03 2.43683192e+00 1.00671776e-02
gen37perm34 1904.5031757191056840 2.44934372e+00 8.11303014e-01 3.19775504e-03 3.73267397e-03 2.35043515e+00 9.71973388e-03
gen37perm42 1916.1597818522302532 2.49436121e+00 1.06622791e+00 3.42452851e-03 3.68212546e-03 2.32109323e+00 1.04187332e-02
gen37perm45 1917.0660240648726358 2.40166359e+00 8.70136121e-01 3.19775504e-03 3.72978297e-03 2.39081494e+00 1.00671776e-02
gen37perm31 1917.6754208269342143 2.31178664e+00 8.70136121e-01 3.33577622e-03 3.33445222e-03 2.32109323e+00 1.00671776e-02
gen37perm21 1921.7371412183313168 2.42795676e+00 8.70136121e-01 3.19775504e-03 3.72978297e-03 2.59451174e+00 9.52555480e-03
gen37perm10 1924.1744093198469727 2.32014279e+00 8.70136121e-01 3.19775504e-03 3.89685408e-03 2.43556623e+00 9.71766020e-03
gen37perm39 1928.0492933809148326 2.30095216e+00 9.47329499e-01 3.35448981e-03 3.77321040e-03 2.11501225e+00 1.00671776e-02
gen37perm47 1928.5607220368926846 2.40644654e+00 8.16409473e-01 3.19775504e-03 3.58306069e-03 2.35043515e+00 1.01389345e-02
gen37perm17 1933.9501575458180014 2.45203419e+00 8.70136121e-01 3.19775504e-03 3.77321040e-03 2.31917523e+00 1.00671776e-02
gen37perm32 1940.5387750750269333 2.46787756e+00 8.66520099e-01 3.19775504e-03 3.92714851e-03 2.41989320e+00 1.00671776e-02
gen37perm40 1941.5960024807563968 2.32014279e+00 8.70136121e-01 3.19775504e-03 3.69085299e-03 2.43556623e+00 1.04187332e-02
gen37perm36 1941.5967986044604459 2.32014279e+00 8.75303991e-01 3.19775504e-03 3.77321040e-03 2.43556623e+00 1.04187332e-02
gen37perm8 1948.8786169413492644 2.32014279e+00 8.70136121e-01 3.42452851e-03 3.77321040e-03 2.47634486e+00 1.00671776e-02
gen37perm49 1951.5997569324511005 2.30095216e+00 8.70136121e-01 3.19775504e-03 3.33075534e-03 3.06192916e+00 1.05097495e-02
gen37perm29 1953.5720503282873324 2.09656159e+00 1.04802163e+00 3.35448981e-03 3.90336313e-03 2.43556623e+00 1.04187332e-02
gen37perm15 1955.0709676327810485 2.30095216e+00 8.70136121e-01 3.41916022e-03 3.92714851e-03 2.88499212e+00 1.00671776e-02
gen37perm50 1958.9603614077814200 2.30095216e+00 1.04802163e+00 3.42452851e-03 3.92714851e-03 2.39159118e+00 1.00671776e-02
gen37perm2 1965.9969519732312619 2.08825258e+00 8.70136121e-01 3.20914185e-03 3.92714851e-03 2.59451174e+00 1.00671776e-02
gen37perm44 1968.0945850571829396 2.32014279e+00 1.04802163e+00 3.01440118e-03 3.90336313e-03 3.12070742e+00 1.00671776e-02
gen37perm43 1980.3939976439307884 2.30095216e+00 8.61146913e-01 3.67095565e-03 3.88689215e-03 2.35043515e+00 1.05097495e-02
gen37perm5 1981.3927050878678529 2.32014279e+00 1.04802163e+00 3.42452851e-03 3.72978297e-03 2.88499212e+00 1.11689007e-02
gen37perm16 1988.5252391984024598 2.30095216e+00 1.09591544e+00 3.13639822e-03 3.83998572e-03 2.20815199e+00 1.05097495e-02
gen37perm46 2011.6093609213078253 2.27265407e+00 1.04802163e+00 3.19775504e-03 3.63301017e-03 2.88499212e+00 1.08116625e-02
gen37perm1 2040.4188210495217390 2.13673697e+00 1.04802163e+00 3.12800423e-03 3.72978297e-03 2.88499212e+00 9.53993916e-03
gen37perm4 2052.4725531124431654 2.31121127e+00 1.00544522e+00 3.19775504e-03 3.61158129e-03 2.23024614e+00 9.28154760e-03
gen37perm20 2054.6363704949399107 2.30095216e+00 8.75303991e-01 3.35448981e-03 3.89685408e-03 2.59451174e+00 9.61926635e-03
gen37perm35 2133.7853673906220138 2.21990808e+00 8.70136121e-01 3.57111830e-03 3.63301017e-03 2.32109323e+00 1.00671776e-02
gen37perm41 2152.8213901925623759 2.32014279e+00 1.04802163e+00 3.42452851e-03 3.90336313e-03 2.91032442e+00 9.49840948e-03
