Permutation Chi-Sq K2RT__FREE__ KD1__FREE__ kdephos__FREE__ km1__FREE__ km2__FREE__ kphos__FREE__
gen39perm42 1893.1763839124087099 2.14777258e+00 1.04802163e+00 3.35448981e-03 3.94423562e-03 2.59451174e+00 1.08659873e-02
gen38perm50 1894.9891331099079252 2.09131573e+00 1.04802163e+00 3.19775504e-03 3.92714851e-03 2.32109323e+00 1.06201730e-02
gen38perm9 1895.0174834564679713 2.30095216e+00 1.04802163e+00 3.42452851e-03 3.94423562e-03 2.59451174e+00 1.06201730e-02
gen37perm18 1895.0642916855319982 2.23536713e+00 8.75303991e-01 3.35448981e-03 3.92714851e-03 2.59451174e+00 1.06201730e-02
gen38perm37 1895.0646969495162466 2.23536713e+00 8.75303991e-01 3.35448981e-03 3.77321040e-03 2.59451174e+00 1.06201730e-02
gen38perm7 1895.0773699440642304 2.23536713e+00 9.23406929e-01 3.35448981e-03 3.92714851e-03 2.65033140e+00 1.06201730e-02
gen39perm5 1895.3671680335705787 2.24896834e+00 8.75303991e-01 3.35448981e-03 3.77321040e-03 2.59451174e+00 1.05097495e-02
gen36perm43 1895.4085394523840478 2.32014279e+00 1.04802163e+00 3.42452851e-03 3.90336313e-03 2.88499212e+00 1.05097495e-02
gen38perm40 1895.7549019585342194 2.12636053e+00 1.04802163e+00 3.19775504e-03 3.69085299e-03 2.88499212e+00 1.05097495e-02
gen39perm28 1895.8629658077572913 2.09131573e+00 1.04802163e+00 3.19775504e-03 4.02331051e-03 2.30272250e+00 1.05097495e-02
gen35perm8 1895.9627733277293373 2.30095216e+00 1.04802163e+00 3.42452851e-03 3.61547527e-03 2.88499212e+00 1.05097495e-02
gen39perm39 1895.9962114362490411 2.30095216e+00 9.47019741e-01 3.42452851e-03 3.69085299e-03 2.73921040e+00 1.05097495e-02
gen37perm13 1896.3468572357539870 2.11491016e+00 1.04802163e+00 3.19775504e-03 3.92714851e-03 2.32109323e+00 1.04512489e-02
gen39perm38 1896.4291073830406731 2.30095216e+00 9.08787663e-01 3.35448981e-03 3.69085299e-03 3.12690427e+00 1.04187332e-02
gen38perm33 1896.4413350517947947 2.30095216e+00 9.47019741e-01 3.35448981e-03 3.99545462e-03 2.88499212e+00 1.04187332e-02
gen38perm43 1896.4474416505129284 2.30095216e+00 8.75303991e-01 3.35448981e-03 3.69085299e-03 2.60272521e+00 1.04187332e-02
gen37perm11 1896.4476339217444547 2.30095216e+00 8.75303991e-01 3.35448981e-03 3.77321040e-03 2.59451174e+00 1.04187332e-02
gen38perm38 1896.4497767091829701 2.30095216e+00 8.75303991e-01 3.35448981e-03 3.92714851e-03 2.55265125e+00 1.04187332e-02
gen39perm8 1896.4508851788334596 2.30095216e+00 1.01542977e+00 3.35448981e-03 3.77321040e-03 2.88499212e+00 1.04187332e-02
gen38perm27 1896.4587201584731702 2.30095216e+00 8.75303991e-01 3.35448981e-03 3.77321040e-03 2.43556623e+00 1.04187332e-02
gen37perm9 1896.4617814112743872 2.30095216e+00 8.75303991e-01 3.35448981e-03 3.92714851e-03 2.39159118e+00 1.04187332e-02
gen39perm46 1896.4699902462045884 2.30095216e+00 9.35540619e-01 3.35448981e-03 3.78669039e-03 2.39159118e+00 1.04187332e-02
gen38perm6 1896.4699902499710333 2.30095216e+00 9.35540619e-01 3.35448981e-03 3.78669039e-03 2.39159118e+00 1.04187332e-02
gen39perm22 1896.4778388969027674 2.30095216e+00 8.80782073e-01 3.35448981e-03 3.78669039e-03 2.23634270e+00 1.04187332e-02
gen39perm49 1896.4842799536340863 2.30095216e+00 1.13851433e+00 3.35448981e-03 3.77321040e-03 2.54959726e+00 1.04187332e-02
gen39perm20 1896.4862066715259061 2.30095216e+00 8.75303991e-01 3.35448981e-03 3.89685408e-03 2.15464497e+00 1.04187332e-02
gen38perm35 1896.4866394714467788 2.30095216e+00 8.75303991e-01 3.35448981e-03 3.77321040e-03 2.15464497e+00 1.04187332e-02
gen37perm14 1896.5872227540164658 2.30095216e+00 8.70136121e-01 3.43426458e-03 3.61547527e-03 2.88499212e+00 1.05097495e-02
gen39perm11 1896.6668424477866211 2.30095216e+00 8.71810505e-01 3.35448981e-03 3.92714851e-03 2.88499212e+00 1.04502189e-02
gen39perm24 1896.7160230629365287 2.32014279e+00 8.75303991e-01 3.42452851e-03 3.92714851e-03 2.59451174e+00 1.06201730e-02
gen39perm27 1896.8199524456338168 2.32014279e+00 1.04802163e+00 3.42452851e-03 3.92714851e-03 2.88499212e+00 1.06201730e-02
gen39perm36 1896.8464450365827361 2.50459504e+00 8.94222744e-01 3.55278740e-03 3.89685408e-03 2.76168782e+00 1.04187332e-02
gen38perm12 1896.8681583491268157 2.50459504e+00 8.94222744e-01 3.55278740e-03 3.89685408e-03 2.43556623e+00 1.04187332e-02
gen38perm36 1897.3542699280037596 2.32014279e+00 7.97447820e-01 3.35448981e-03 3.92714851e-03 2.43556623e+00 1.04187332e-02
gen35perm31 1897.3640241024234001 2.32014279e+00 8.75303991e-01 3.35448981e-03 3.89685408e-03 2.43556623e+00 1.04187332e-02
gen36perm20 1897.3643236792922835 2.32014279e+00 8.75303991e-01 3.35448981e-03 3.77321040e-03 2.43556623e+00 1.04187332e-02
gen38perm32 1897.3926187132392442 2.32014279e+00 9.15945052e-01 3.35448981e-03 3.89685408e-03 2.59451174e+00 1.04187332e-02
gen39perm44 1897.4363795858077992 2.32014279e+00 8.75303991e-01 3.35448981e-03 3.77321040e-03 2.96363463e+00 1.04187332e-02
gen39perm32 1897.4436387992009259 2.30095216e+00 8.75303991e-01 3.35448981e-03 3.77321040e-03 2.55265125e+00 1.03573281e-02
gen38perm34 1897.7864686321911449 2.32014279e+00 8.75303991e-01 3.41459476e-03 3.87123904e-03 2.47623252e+00 1.04187332e-02
gen38perm23 1898.1621379679047550 2.27583271e+00 9.47019741e-01 3.42452851e-03 3.69085299e-03 2.88499212e+00 1.05097495e-02
gen38perm18 1898.2945098348372994 2.30095216e+00 8.42247201e-01 3.35448981e-03 3.92714851e-03 2.59451174e+00 1.05097495e-02
gen38perm2 1898.2987523429776502 2.30095216e+00 8.75303991e-01 3.35448981e-03 3.77321040e-03 2.59451174e+00 1.05097495e-02
gen39perm33 1898.3195341571740755 2.30095216e+00 1.04802163e+00 3.35448981e-03 3.77321040e-03 2.59451174e+00 1.05097495e-02
gen38perm14 1898.3923524876040574 2.30095216e+00 8.75303991e-01 3.35448981e-03 3.77321040e-03 2.88499212e+00 1.05097495e-02
gen38perm48 1898.4127164884787362 2.30095216e+00 1.04802163e+00 3.35448981e-03 3.95223532e-03 2.88499212e+00 1.05097495e-02
gen36perm19 1898.4745601549445837 2.32014279e+00 1.04802163e+00 3.42452851e-03 3.89685408e-03 3.02482876e+00 1.04187332e-02
gen37perm26 1898.5322968682062310 2.32014279e+00 1.01542977e+00 3.42452851e-03 3.89685408e-03 2.88499212e+00 1.04187332e-02
gen34perm18 1898.5376150844006133 2.32014279e+00 1.04802163e+00 3.42452851e-03 3.77321040e-03 2.88499212e+00 1.04187332e-02
gen37perm30 1898.8488361271654412 2.32014279e+00 8.75303991e-01 3.42452851e-03 3.77321040e-03 2.32109323e+00 1.04187332e-02
