Permutation Chi-Sq K2RT__FREE__ KD1__FREE__ kdephos__FREE__ km1__FREE__ km2__FREE__ kphos__FREE__
gen46perm30 1889.8740766958774202 2.25000544e+00 8.36321711e-01 3.59655428e-03 3.92714851e-03 2.46828120e+00 1.10634457e-02
gen46perm24 1889.9787436910667111 2.24389223e+00 9.86956012e-01 3.59655428e-03 3.54847705e-03 2.99098485e+00 1.10634457e-02
gen46perm49 1890.2793633047938329 2.28236135e+00 1.07492163e+00 3.59655428e-03 3.54847705e-03 2.99098485e+00 1.10634457e-02
gen45perm16 1890.3889601536393457 2.28528161e+00 8.27933431e-01 3.59655428e-03 3.84912510e-03 2.54356241e+00 1.10634457e-02
gen46perm38 1890.4454534620513186 2.23536713e+00 8.23770699e-01 3.59655428e-03 3.54847705e-03 2.99098485e+00 1.10634457e-02
gen45perm8 1890.4505747936643729 2.23536713e+00 8.75303991e-01 3.59655428e-03 3.92714851e-03 2.99098485e+00 1.10634457e-02
gen44perm45 1890.4505747936643729 2.23536713e+00 8.75303991e-01 3.59655428e-03 3.92714851e-03 2.99098485e+00 1.10634457e-02
gen43perm9 1890.4656620696309801 2.23536713e+00 9.86956012e-01 3.59655428e-03 3.92714851e-03 2.99098485e+00 1.10634457e-02
gen45perm30 1890.4679463963591388 2.23536713e+00 9.86956012e-01 3.59655428e-03 3.54847705e-03 2.99098485e+00 1.10634457e-02
gen46perm14 1890.4747147658101767 2.23536713e+00 1.04132751e+00 3.59655428e-03 3.66496264e-03 2.99098485e+00 1.10634457e-02
gen46perm45 1890.4936894619279428 2.23536713e+00 8.75303991e-01 3.59655428e-03 3.92714851e-03 2.87141099e+00 1.10634457e-02
gen45perm1 1890.5132483109982786 2.23536713e+00 9.23406929e-01 3.59655428e-03 3.54847705e-03 2.84294686e+00 1.10634457e-02
gen46perm8 1890.5717898592445181 2.23536713e+00 1.04802163e+00 3.59655428e-03 3.54847705e-03 2.74037024e+00 1.10634457e-02
gen46perm23 1890.5744264008137634 2.23536713e+00 8.23770699e-01 3.59655428e-03 3.92714851e-03 2.65864466e+00 1.10634457e-02
gen45perm28 1890.5763584531061952 2.23536713e+00 8.23770699e-01 3.59655428e-03 3.54847705e-03 2.65864466e+00 1.10634457e-02
gen46perm37 1890.5989120945125705 2.23536713e+00 9.86956012e-01 3.59655428e-03 3.54847705e-03 2.65864466e+00 1.10634457e-02
gen46perm50 1890.6091447309893283 2.23536713e+00 9.86956012e-01 3.59655428e-03 3.54847705e-03 2.63620781e+00 1.10634457e-02
gen45perm11 1890.6130723546073114 2.23536713e+00 8.75303991e-01 3.59655428e-03 3.54847705e-03 2.59451174e+00 1.10634457e-02
gen45perm36 1890.6162311124578537 2.23536713e+00 1.03872292e+00 3.59655428e-03 3.54847705e-03 2.63620781e+00 1.10634457e-02
gen43perm43 1890.6197440813491539 2.23536713e+00 9.23406929e-01 3.59655428e-03 3.54847705e-03 2.59451174e+00 1.10634457e-02
gen44perm35 1890.6297273585992116 2.23536713e+00 8.27933431e-01 3.59655428e-03 3.84912510e-03 2.54356241e+00 1.10634457e-02
gen45perm10 1890.6399209024439187 2.23536713e+00 8.90095531e-01 3.59655428e-03 3.54847705e-03 2.54356241e+00 1.10634457e-02
gen46perm43 1890.6399367386370614 2.23536713e+00 8.90095531e-01 3.59655428e-03 3.54847705e-03 2.54356241e+00 1.10634457e-02
gen46perm35 1890.6420663667856843 2.23536713e+00 9.86956012e-01 3.59655428e-03 3.84912510e-03 2.56252376e+00 1.10634457e-02
gen46perm19 1890.6427434157324114 2.23536713e+00 9.10620758e-01 3.59655428e-03 3.54847705e-03 2.54356241e+00 1.10634457e-02
gen43perm12 1890.6694201146233354 2.23536713e+00 8.23770699e-01 3.59655428e-03 3.54847705e-03 2.46828120e+00 1.10634457e-02
gen45perm5 1890.6694217002773257 2.23536713e+00 8.23770699e-01 3.59655428e-03 3.54847705e-03 2.46828120e+00 1.10634457e-02
gen44perm41 1890.6694217002773257 2.23536713e+00 8.23770699e-01 3.59655428e-03 3.54847705e-03 2.46828120e+00 1.10634457e-02
gen46perm20 1890.6731100069273452 2.23536713e+00 8.53948818e-01 3.59655428e-03 3.63693243e-03 2.46828120e+00 1.10634457e-02
gen45perm2 1890.6736307370561008 2.23536713e+00 8.53948818e-01 3.59655428e-03 3.54847705e-03 2.46828120e+00 1.10634457e-02
gen46perm17 1890.6832525103693570 2.23536713e+00 9.23406929e-01 3.59655428e-03 3.54847705e-03 2.46828120e+00 1.10634457e-02
gen46perm27 1890.7416197901839041 2.23536713e+00 8.93114363e-01 3.59655428e-03 3.54847705e-03 2.35669578e+00 1.10634457e-02
gen45perm39 1890.7470298280982206 2.23536713e+00 8.27933431e-01 3.59655428e-03 3.92714851e-03 2.32935706e+00 1.10634457e-02
gen45perm32 1890.7564535121755398 2.29029375e+00 8.75303991e-01 3.59655428e-03 3.92714851e-03 2.64446728e+00 1.10634457e-02
gen45perm43 1891.2155777407349433 2.23536713e+00 8.27933431e-01 3.59655428e-03 3.92714851e-03 2.99098485e+00 1.10445480e-02
gen46perm21 1891.4115173120526379 2.23536713e+00 8.75303991e-01 3.59655428e-03 3.92714851e-03 2.59451174e+00 1.10445480e-02
gen46perm39 1891.6348296342528101 2.30095216e+00 9.86956012e-01 3.59655428e-03 3.54847705e-03 2.30674452e+00 1.10634457e-02
gen46perm26 1891.6442345273719638 2.30095216e+00 8.91027939e-01 3.59655428e-03 3.54847705e-03 2.37310168e+00 1.10634457e-02
gen46perm10 1891.6465935416169941 2.30095216e+00 8.27933431e-01 3.59655428e-03 3.54847705e-03 2.40583841e+00 1.10634457e-02
gen45perm27 1891.6482125443117184 2.30095216e+00 9.23406929e-01 3.59655428e-03 3.54847705e-03 2.37310168e+00 1.10634457e-02
gen45perm9 1891.6649429215692635 2.30095216e+00 8.23770699e-01 3.59655428e-03 3.54847705e-03 2.46828120e+00 1.10634457e-02
gen44perm42 1891.6872720918297546 2.30095216e+00 8.27933431e-01 3.59655428e-03 3.54847705e-03 2.54356241e+00 1.10634457e-02
gen42perm11 1891.6872720944134016 2.30095216e+00 8.27933431e-01 3.59655428e-03 3.54847705e-03 2.54356241e+00 1.10634457e-02
gen41perm49 1891.6931006459285527 2.30095216e+00 8.75303991e-01 3.59655428e-03 3.54847705e-03 2.54356241e+00 1.10634457e-02
gen46perm28 1891.7021902923331709 2.30095216e+00 8.27933431e-01 3.59655428e-03 3.27494676e-03 2.59451174e+00 1.10634457e-02
gen45perm34 1891.7038818618991627 2.30095216e+00 8.51955629e-01 3.59655428e-03 3.77321040e-03 2.59451174e+00 1.10634457e-02
gen45perm44 1891.7071165115878557 2.30095216e+00 9.86956012e-01 3.59655428e-03 3.47758150e-03 2.54356241e+00 1.10634457e-02
gen44perm14 1891.7088772377901478 2.30095216e+00 9.01634541e-01 3.59655428e-03 4.32041606e-03 2.59451174e+00 1.10634457e-02
gen45perm42 1891.7111976392379802 2.30095216e+00 8.27933431e-01 3.59655428e-03 4.32041606e-03 2.63620781e+00 1.10634457e-02
gen45perm38 1891.7182264016585123 2.30095216e+00 8.23770699e-01 3.59655428e-03 3.54847705e-03 2.65864466e+00 1.10634457e-02
