Permutation Chi-Sq K2RT__FREE__ KD1__FREE__ kdephos__FREE__ km1__FREE__ km2__FREE__ kphos__FREE__
gen30perm12 1901.6373717185215355 2.32014279e+00 8.84373258e-01 3.19775504e-03 4.15167338e-03 2.43556623e+00 1.00671776e-02
gen30perm34 1901.6378372085755473 2.32014279e+00 8.84373258e-01 3.19775504e-03 3.92714851e-03 2.43556623e+00 1.00671776e-02
gen29perm13 1901.6578792091729611 2.32014279e+00 1.04802163e+00 3.19775504e-03 3.92714851e-03 2.43556623e+00 1.00671776e-02
gen30perm36 1901.6768556253844054 2.32014279e+00 9.20869319e-01 3.19775504e-03 3.92714851e-03 2.59451174e+00 1.00671776e-02
gen30perm45 1901.6768556253844054 2.32014279e+00 9.20869319e-01 3.19775504e-03 3.92714851e-03 2.59451174e+00 1.00671776e-02
gen30perm31 1901.6905366928660897 2.32014279e+00 9.44432828e-01 3.19775504e-03 7.44299720e-01 2.69398732e+00 1.00671776e-02
gen30perm14 1901.7480178321036419 2.32014279e+00 1.04802163e+00 3.19775504e-03 3.92714851e-03 2.88499212e+00 1.00671776e-02
gen30perm3 1903.7424468419806090 2.47886271e+00 9.20869319e-01 3.42985608e-03 3.92714851e-03 2.59451174e+00 1.00671776e-02
gen30perm42 1904.5202382144864259 2.32014279e+00 1.04802163e+00 3.06160706e-03 3.92714851e-03 2.43556623e+00 9.67619630e-03
gen30perm30 1904.7676518766193112 2.34527272e+00 9.20869319e-01 3.19775504e-03 3.54511486e-03 2.57021673e+00 1.00671776e-02
gen28perm17 1905.2107116881754791 2.47886271e+00 9.20869319e-01 3.19775504e-03 3.92714851e-03 2.59451174e+00 9.67619630e-03
gen30perm39 1905.2121017801514427 2.47886271e+00 9.20869319e-01 3.19775504e-03 3.53030317e-03 2.59451174e+00 9.67619630e-03
gen30perm23 1905.2180723103876971 2.47886271e+00 1.00544522e+00 3.19775504e-03 3.79189512e-03 2.71605669e+00 9.67619630e-03
gen30perm15 1905.2182092077930520 2.47886271e+00 1.00544522e+00 3.19775504e-03 3.92714851e-03 2.69398732e+00 9.67619630e-03
gen30perm19 1906.8626607440442058 2.35799555e+00 1.04802163e+00 3.19775504e-03 3.92714851e-03 2.43556623e+00 1.00671776e-02
gen30perm38 1906.8834301642255014 2.50845463e+00 9.20869319e-01 3.19775504e-03 3.92714851e-03 2.35738496e+00 9.67619630e-03
gen30perm13 1906.9140377925450593 2.50845463e+00 1.00544522e+00 3.19775504e-03 3.79189512e-03 2.43556623e+00 9.67619630e-03
gen30perm1 1906.9188434893580961 2.50845463e+00 1.04802163e+00 3.19775504e-03 3.92714851e-03 2.43556623e+00 9.67619630e-03
gen30perm16 1906.9411148253523152 2.50845463e+00 9.20869319e-01 3.19775504e-03 3.92714851e-03 2.59451174e+00 9.67619630e-03
gen27perm11 1906.9732291328866722 2.50845463e+00 1.00544522e+00 3.19775504e-03 3.92714851e-03 2.69398732e+00 9.67619630e-03
gen30perm25 1906.9732295201254146 2.50845463e+00 1.00544522e+00 3.19775504e-03 3.92714851e-03 2.69398732e+00 9.67619630e-03
gen28perm36 1906.9732295201254146 2.50845463e+00 1.00544522e+00 3.19775504e-03 3.92714851e-03 2.69398732e+00 9.67619630e-03
gen30perm24 1906.9829513329993915 2.50845463e+00 8.70276892e-01 3.19775504e-03 3.92714851e-03 2.82174463e+00 9.67619630e-03
gen28perm34 1906.9996950506679241 2.50845463e+00 1.00544522e+00 3.19775504e-03 3.79189512e-03 2.82174463e+00 9.67619630e-03
gen28perm7 1907.6331391951737260 2.44233108e+00 8.84373258e-01 3.06488200e-03 3.92714851e-03 2.69398732e+00 9.44912338e-03
gen30perm11 1907.6530935921352921 2.44233108e+00 1.04802163e+00 3.06488200e-03 3.92714851e-03 2.71463611e+00 9.44912338e-03
gen28perm37 1908.3837914146804451 2.59804432e+00 8.29477203e-01 3.19775504e-03 3.92714851e-03 2.69398732e+00 9.44912338e-03
gen29perm34 1908.4219802337777310 2.59804432e+00 9.31555656e-01 3.19775504e-03 7.69902255e-01 2.88913757e+00 9.43521825e-03
gen29perm28 1908.4239749231012411 2.59804432e+00 9.31557479e-01 3.19775504e-03 8.94134919e-01 3.59046335e+00 9.43002891e-03
gen29perm33 1908.4299816656221083 2.59804432e+00 9.27394252e-01 3.19775504e-03 7.03092864e-01 3.45225815e+00 9.43002891e-03
gen28perm1 1908.4319961063424671 2.59804432e+00 1.00238032e+00 3.19775504e-03 7.69902255e-01 3.59046335e+00 9.43002891e-03
gen29perm3 1908.4339996031353621 2.59804432e+00 1.01991069e+00 3.19775504e-03 7.69902255e-01 3.59046335e+00 9.43002891e-03
gen28perm21 1908.4350570345227425 2.59804432e+00 9.27394252e-01 3.19775504e-03 7.69902255e-01 2.69398732e+00 9.43521825e-03
gen29perm41 1908.4350570738388342 2.59804432e+00 9.27394252e-01 3.19775504e-03 7.69902255e-01 2.69398732e+00 9.43521825e-03
gen28perm24 1908.4371014995783753 2.59804432e+00 1.04802163e+00 3.19775504e-03 8.10483540e-01 3.59046335e+00 9.43002891e-03
gen29perm15 1908.4371017820067209 2.59804432e+00 1.04802163e+00 3.19775504e-03 8.10483540e-01 3.59046335e+00 9.43002891e-03
gen28perm45 1908.4371215150761145 2.59804432e+00 1.04802163e+00 3.19775504e-03 8.17105589e-01 3.59046335e+00 9.43002891e-03
gen28perm42 1908.4371572636225665 2.59804432e+00 1.04802163e+00 3.19775504e-03 7.69902255e-01 3.59046335e+00 9.43002891e-03
gen27perm9 1908.4371763471515351 2.59804432e+00 1.04802163e+00 3.19775504e-03 7.69902255e-01 3.59046335e+00 9.43002891e-03
gen29perm17 1908.4517450779690080 2.59804432e+00 9.81066444e-01 3.19775504e-03 7.44299720e-01 3.16989195e+00 9.43002891e-03
gen28perm41 1908.4556454821909028 2.59804432e+00 8.50033425e-01 3.19775504e-03 7.44299720e-01 2.90408723e+00 9.43002891e-03
gen29perm16 1908.4586717127558586 2.59804432e+00 9.02046723e-01 3.19775504e-03 7.44299720e-01 2.94129889e+00 9.43002891e-03
gen28perm16 1908.4586717127558586 2.59804432e+00 9.02046723e-01 3.19775504e-03 7.44299720e-01 2.94129889e+00 9.43002891e-03
gen28perm49 1908.4633657898427828 2.59804432e+00 9.44432828e-01 3.19775504e-03 7.44299720e-01 2.94129889e+00 9.43002891e-03
gen27perm2 1908.4634208513480189 2.59804432e+00 9.44432828e-01 3.19775504e-03 7.44299720e-01 2.94129889e+00 9.43002891e-03
gen29perm7 1908.4739339502336861 2.59804432e+00 1.03803509e+00 3.19775504e-03 6.79911655e-01 2.94129889e+00 9.43002891e-03
gen29perm1 1908.4770393998946929 2.59804432e+00 9.44432828e-01 3.19775504e-03 3.92714851e-03 2.94129889e+00 9.43002891e-03
gen29perm27 1908.4779393116150459 2.59804432e+00 1.04802163e+00 3.19775504e-03 7.44299720e-01 2.90408723e+00 9.43002891e-03
gen28perm47 1908.4800940150851147 2.59804432e+00 9.02046723e-01 3.19775504e-03 7.69902255e-01 2.69398732e+00 9.43002891e-03
gen27perm37 1908.4800940150851147 2.59804432e+00 9.02046723e-01 3.19775504e-03 7.69902255e-01 2.69398732e+00 9.43002891e-03
