Permutation Chi-Sq K2RT__FREE__ KD1__FREE__ kdephos__FREE__ km1__FREE__ km2__FREE__ kphos__FREE__
gen29perm13 1901.6578792091729611 2.32014279e+00 1.04802163e+00 3.19775504e-03 3.92714851e-03 2.43556623e+00 1.00671776e-02
gen28perm17 1905.2107116881754791 2.47886271e+00 9.20869319e-01 3.19775504e-03 3.92714851e-03 2.59451174e+00 9.67619630e-03
gen27perm11 1906.9732291328866722 2.50845463e+00 1.00544522e+00 3.19775504e-03 3.92714851e-03 2.69398732e+00 9.67619630e-03
gen28perm36 1906.9732295201254146 2.50845463e+00 1.00544522e+00 3.19775504e-03 3.92714851e-03 2.69398732e+00 9.67619630e-03
gen28perm34 1906.9996950506679241 2.50845463e+00 1.00544522e+00 3.19775504e-03 3.79189512e-03 2.82174463e+00 9.67619630e-03
gen28perm7 1907.6331391951737260 2.44233108e+00 8.84373258e-01 3.06488200e-03 3.92714851e-03 2.69398732e+00 9.44912338e-03
gen28perm37 1908.3837914146804451 2.59804432e+00 8.29477203e-01 3.19775504e-03 3.92714851e-03 2.69398732e+00 9.44912338e-03
gen29perm34 1908.4219802337777310 2.59804432e+00 9.31555656e-01 3.19775504e-03 7.69902255e-01 2.88913757e+00 9.43521825e-03
gen29perm28 1908.4239749231012411 2.59804432e+00 9.31557479e-01 3.19775504e-03 8.94134919e-01 3.59046335e+00 9.43002891e-03
gen29perm33 1908.4299816656221083 2.59804432e+00 9.27394252e-01 3.19775504e-03 7.03092864e-01 3.45225815e+00 9.43002891e-03
gen28perm1 1908.4319961063424671 2.59804432e+00 1.00238032e+00 3.19775504e-03 7.69902255e-01 3.59046335e+00 9.43002891e-03
gen29perm3 1908.4339996031353621 2.59804432e+00 1.01991069e+00 3.19775504e-03 7.69902255e-01 3.59046335e+00 9.43002891e-03
gen28perm21 1908.4350570345227425 2.59804432e+00 9.27394252e-01 3.19775504e-03 7.69902255e-01 2.69398732e+00 9.43521825e-03
gen29perm41 1908.4350570738388342 2.59804432e+00 9.27394252e-01 3.19775504e-03 7.69902255e-01 2.69398732e+00 9.43521825e-03
gen28perm24 1908.4371014995783753 2.59804432e+00 1.04802163e+00 3.19775504e-03 8.10483540e-01 3.59046335e+00 9.43002891e-03
gen29perm15 1908.4371017820067209 2.59804432e+00 1.04802163e+00 3.19775504e-03 8.10483540e-01 3.59046335e+00 9.43002891e-03
gen28perm45 1908.4371215150761145 2.59804432e+00 1.04802163e+00 3.19775504e-03 8.17105589e-01 3.59046335e+00 9.43002891e-03
gen28perm42 1908.4371572636225665 2.59804432e+00 1.04802163e+00 3.19775504e-03 7.69902255e-01 3.59046335e+00 9.43002891e-03
gen27perm9 1908.4371763471515351 2.59804432e+00 1.04802163e+00 3.19775504e-03 7.69902255e-01 3.59046335e+00 9.43002891e-03
gen29perm17 1908.4517450779690080 2.59804432e+00 9.81066444e-01 3.19775504e-03 7.44299720e-01 3.16989195e+00 9.43002891e-03
gen28perm41 1908.4556454821909028 2.59804432e+00 8.50033425e-01 3.19775504e-03 7.44299720e-01 2.90408723e+00 9.43002891e-03
gen29perm16 1908.4586717127558586 2.59804432e+00 9.02046723e-01 3.19775504e-03 7.44299720e-01 2.94129889e+00 9.43002891e-03
gen28perm16 1908.4586717127558586 2.59804432e+00 9.02046723e-01 3.19775504e-03 7.44299720e-01 2.94129889e+00 9.43002891e-03
gen28perm49 1908.4633657898427828 2.59804432e+00 9.44432828e-01 3.19775504e-03 7.44299720e-01 2.94129889e+00 9.43002891e-03
gen27perm2 1908.4634208513480189 2.59804432e+00 9.44432828e-01 3.19775504e-03 7.44299720e-01 2.94129889e+00 9.43002891e-03
gen29perm7 1908.4739339502336861 2.59804432e+00 1.03803509e+00 3.19775504e-03 6.79911655e-01 2.94129889e+00 9.43002891e-03
gen29perm1 1908.4770393998946929 2.59804432e+00 9.44432828e-01 3.19775504e-03 3.92714851e-03 2.94129889e+00 9.43002891e-03
gen29perm27 1908.4779393116150459 2.59804432e+00 1.04802163e+00 3.19775504e-03 7.44299720e-01 2.90408723e+00 9.43002891e-03
gen28perm47 1908.4800940150851147 2.59804432e+00 9.02046723e-01 3.19775504e-03 7.69902255e-01 2.69398732e+00 9.43002891e-03
gen27perm37 1908.4800940150851147 2.59804432e+00 9.02046723e-01 3.19775504e-03 7.69902255e-01 2.69398732e+00 9.43002891e-03
gen28perm15 1908.4817967137519190 2.59804432e+00 9.44432828e-01 3.19775504e-03 7.88124037e-01 2.72526910e+00 9.43002891e-03
gen29perm38 1908.4827848753197941 2.59804432e+00 1.11667259e+00 3.19775504e-03 7.69902255e-01 2.94129889e+00 9.43002891e-03
gen28perm6 1908.4844841571898542 2.59804432e+00 1.00238032e+00 3.19775504e-03 3.92714851e-03 2.94129889e+00 9.43002891e-03
gen29perm50 1908.4848541971598479 2.59804432e+00 9.44432828e-01 3.19775504e-03 7.44299720e-01 2.69398732e+00 9.43002891e-03
gen28perm13 1908.4848541971598479 2.59804432e+00 9.44432828e-01 3.19775504e-03 7.44299720e-01 2.69398732e+00 9.43002891e-03
gen29perm5 1908.4851360270365603 2.59871415e+00 9.02046723e-01 3.19775504e-03 7.69902255e-01 2.69398732e+00 9.43002891e-03
gen28perm9 1908.4889463364261246 2.59804432e+00 9.81066444e-01 3.19775504e-03 7.27384052e-01 2.69398732e+00 9.43002891e-03
gen29perm11 1908.4889992330377027 2.59804432e+00 9.81066444e-01 3.19775504e-03 7.69902255e-01 2.69398732e+00 9.43002891e-03
gen26perm15 1908.4913758527814025 2.59804432e+00 1.00238032e+00 3.19775504e-03 7.69902255e-01 2.69398732e+00 9.43002891e-03
gen27perm16 1908.4954848138906982 2.59804432e+00 1.00238032e+00 3.19775504e-03 3.92714851e-03 2.80644413e+00 9.43002891e-03
gen28perm8 1908.4954891079280515 2.59804432e+00 1.00238032e+00 3.19775504e-03 3.92714851e-03 2.80644413e+00 9.43002891e-03
gen28perm46 1908.4956089021704884 2.59804432e+00 9.20869319e-01 3.19775504e-03 3.92714851e-03 2.69398732e+00 9.43002891e-03
gen27perm44 1908.4956089021704884 2.59804432e+00 9.20869319e-01 3.19775504e-03 3.92714851e-03 2.69398732e+00 9.43002891e-03
gen29perm23 1908.4964864715338990 2.59804432e+00 1.04802163e+00 3.19775504e-03 7.06808364e-01 2.69398732e+00 9.43002891e-03
gen29perm18 1908.4986027164247844 2.59804432e+00 9.44432828e-01 3.19775504e-03 3.92714851e-03 2.69398732e+00 9.43002891e-03
gen28perm27 1908.5017838899266280 2.59804432e+00 1.09459053e+00 3.19775504e-03 7.36812182e-01 2.69398732e+00 9.43002891e-03
gen29perm42 1908.5024589660267793 2.59804432e+00 9.81066444e-01 3.19775504e-03 4.15047253e-03 2.69398732e+00 9.43002891e-03
gen27perm24 1908.5032449396067022 2.59804432e+00 9.81066444e-01 3.19775504e-03 3.92714851e-03 2.69398732e+00 9.43002891e-03
gen28perm50 1908.5057502156862483 2.59804432e+00 1.08283560e+00 3.19775504e-03 3.92714851e-03 2.80644413e+00 9.43002891e-03
gen28perm29 1908.5059983087392084 2.59804432e+00 1.00238032e+00 3.19775504e-03 3.92714851e-03 2.69398732e+00 9.43002891e-03
