Permutation Chi-Sq K2RT__FREE__ KD1__FREE__ kdephos__FREE__ km1__FREE__ km2__FREE__ kphos__FREE__
gen7perm47 2043.3133495471640799 1.19541991e+01 9.02046723e-01 3.78054921e-03 4.73958583e-03 4.03448921e-03 8.30906943e-03
gen7perm12 2044.8056720006293290 1.19541991e+01 9.02046723e-01 3.78592239e-03 4.05209018e-03 4.16747345e-03 8.30906943e-03
gen7perm32 2048.9812665263903000 1.12198051e+01 8.85874055e-01 3.67812568e-03 8.56657008e-01 4.16747345e-03 8.07025509e-03
gen6perm4 2056.5001830842911659 1.12198051e+01 9.05652349e-01 3.57188801e-03 2.21386297e-02 4.16747345e-03 8.30906943e-03
gen7perm28 2114.8119497577072252 1.19541991e+01 3.39660232e-02 3.56377651e-03 4.73958583e-03 4.16747345e-03 8.30906943e-03
gen5perm28 2114.8954394764791687 1.19541991e+01 9.02046723e-01 3.56377651e-03 4.73958583e-03 4.16747345e-03 8.30906943e-03
gen7perm46 2127.2225294036779815 1.12198051e+01 3.39660232e-02 3.95975171e-03 2.21386297e-02 4.16747345e-03 8.17645315e-03
gen7perm10 2308.2523085246752999 1.06155227e+01 2.51014911e+02 3.85863245e-03 8.78806520e-01 3.52685707e+00 7.13591494e-03
gen6perm20 2310.3850809145324092 2.79214813e+00 1.00474442e+01 2.94620692e-03 8.78806520e-01 2.96830930e+02 7.52878364e-03
gen7perm23 2320.4909700583234553 2.79214813e+00 1.00474442e+01 2.94620692e-03 8.78806520e-01 2.33575796e+00 7.52878364e-03
gen7perm7 2635.2004576856074891 1.19541991e+01 2.51014911e+02 3.78054921e-03 8.18516926e-01 1.98031980e-02 7.80286436e-03
gen7perm35 2649.0750572882238885 1.19541991e+01 3.63223284e-02 4.27042886e-03 8.79394364e-01 3.58003641e+00 8.07025509e-03
gen7perm31 2748.4892309206252321 1.09972341e+01 3.63223284e-02 4.22486049e-03 2.21386297e-02 3.58003641e+00 8.30906943e-03
gen7perm13 2771.1151115356251466 1.19541991e+01 2.86133146e-03 3.78054921e-03 8.15694869e-01 1.81224940e-02 8.07025509e-03
gen7perm26 2777.3423110745079612 1.19541991e+01 8.62326915e-02 3.86225420e-03 8.78806520e-01 3.23957722e+00 7.52878364e-03
gen7perm2 2839.7496225981894895 1.16144095e+01 8.75992349e-02 3.78592239e-03 8.78806520e-01 2.33575796e+00 7.52878364e-03
gen6perm21 2857.8934287361344104 1.19541991e+01 8.62326915e-02 3.78592239e-03 8.26479297e-01 2.79267775e-01 7.52878364e-03
gen5perm14 2858.6429521257759916 1.06657812e+01 2.81192508e-03 3.97444248e-03 8.56657008e-01 3.51590274e+00 8.07025509e-03
gen7perm25 2979.2047165442008918 1.29273897e+01 3.40353680e-02 3.78592239e-03 7.69853534e-01 3.01054492e+02 7.45740958e-03
gen2perm29 3008.0369978380972498 1.19541991e+01 3.48333639e-02 3.78054921e-03 8.18516926e-01 1.99138094e-02 8.30906943e-03
gen5perm50 3008.0411463869863837 1.19541991e+01 9.79929971e-02 3.78054921e-03 8.18516926e-01 1.99138094e-02 8.30906943e-03
gen6perm29 3022.3393381729688372 1.19541991e+01 2.51014911e+02 3.78054921e-03 8.18516926e-01 1.98031980e-02 8.30906943e-03
gen7perm14 3080.3778444970043893 1.06657812e+01 2.51014911e+02 3.97444248e-03 8.56657008e-01 3.53326123e+00 8.30906943e-03
gen3perm43 3082.3902289737857245 1.19541991e+01 3.63223284e-02 3.97444248e-03 8.56657008e-01 3.58003641e+00 8.07025509e-03
gen6perm6 3119.1923263338530887 1.19541991e+01 2.85337375e-01 3.73385441e-03 1.51893044e-03 3.25619556e-01 7.71297344e-03
gen6perm27 3149.5683871318442471 1.19541991e+01 3.39660232e-02 3.78592239e-03 8.78806520e-01 3.23957722e+00 7.80286436e-03
gen7perm27 3149.6232894677182230 1.19541991e+01 9.02046723e-01 3.78592239e-03 8.78806520e-01 3.23957722e+00 7.80286436e-03
gen3perm34 3180.1660477106470353 1.63978288e-01 2.69810627e+00 2.39242503e-01 1.16156835e-03 2.28457586e+00 7.31986103e+00
gen7perm30 3180.3026589593414428 1.63978288e-01 2.52343984e+00 2.39242503e-01 1.16156835e-03 2.28457586e+00 7.31986103e+00
gen5perm47 3181.5957750985885468 1.63978288e-01 2.69810627e+00 2.39242503e-01 3.89447581e-03 2.28457586e+00 7.31986103e+00
gen6perm10 3207.5348451639074483 1.15712837e+01 8.75992349e-02 3.56377651e-03 8.78806520e-01 2.33575796e+00 7.52878364e-03
gen3perm6 3210.9963053344099535 1.99882367e-02 9.54128659e+02 2.70511068e-03 1.48735409e+02 3.45714551e-01 2.96170378e+02
gen7perm24 3213.0096578539751135 1.15712837e+01 8.75992349e-02 3.56377651e-03 9.54982627e-01 2.96830930e+02 7.52878364e-03
gen4perm32 3235.1851657168404017 1.19541991e+01 8.62326915e-02 3.56377651e-03 8.62839504e-01 2.79267775e-01 7.52878364e-03
gen7perm1 3235.1851953987247725 1.19541991e+01 8.62326915e-02 3.56377651e-03 8.26479297e-01 2.79267775e-01 7.52878364e-03
gen3perm4 3280.3856763464459618 1.19541991e+01 8.62326915e-02 3.56377651e-03 8.78806520e-01 2.96830930e+02 7.52878364e-03
gen6perm23 3297.1825518621317315 1.19541991e+01 3.63223284e-02 3.97444248e-03 8.56657008e-01 3.58003641e+00 8.30906943e-03
gen7perm29 3310.0947625050685019 1.63978288e-01 2.69810627e+00 2.39242503e-01 3.89447581e-03 2.28457586e+00 7.96188590e+00
gen6perm31 3313.5554049639754339 1.06155227e+01 2.51014911e+02 3.73385441e-03 8.78806520e-01 8.70754255e-02 8.30906943e-03
gen7perm48 3385.4964276935193084 1.19541991e+01 3.48333639e-02 3.56377651e-03 8.29118901e-01 1.99138094e-02 8.30906943e-03
gen7perm33 3409.4891752887660914 1.16645067e+01 2.79155941e+00 3.87933863e-03 1.53259039e-03 3.56139449e+00 8.30906943e-03
gen6perm15 3409.8650250503933421 1.16645067e+01 3.63223284e-02 3.87933863e-03 8.78806520e-01 3.66109772e+00 8.30906943e-03
gen6perm42 3440.8532917874385930 1.29273897e+01 8.62326915e-02 3.56377651e-03 8.46298570e-01 2.77538270e+02 7.52878364e-03
gen7perm16 3440.8533295748093224 1.29273897e+01 8.62326915e-02 3.56377651e-03 8.46298570e-01 2.77538270e+02 7.52878364e-03
gen7perm36 3465.5374261356914758 1.10040144e+01 2.51014911e+02 3.78592239e-03 8.56657008e-01 3.35795762e+00 8.30906943e-03
gen7perm39 3472.6490377411273585 1.19541991e+01 2.86987905e-01 3.78592239e-03 2.20658994e-02 8.70754255e-02 8.30906943e-03
gen7perm34 3516.7052926288856725 1.16866117e+01 3.63223284e-02 3.73385441e-03 8.78806520e-01 8.70754255e-02 8.30906943e-03
gen7perm18 3541.8600616547846585 1.18560426e+01 2.85337375e-01 3.61814368e-03 1.52924109e-03 2.25373376e+02 7.91011250e-03
gen6perm17 3566.2167357985072158 1.19541991e+01 2.51014911e+02 3.73385441e-03 4.05209018e-03 8.66280838e-02 8.30906943e-03
gen7perm50 3566.7663419145087573 1.19541991e+01 2.47026787e+00 3.73385441e-03 4.05209018e-03 8.66280838e-02 8.30906943e-03
