Permutation Chi-Sq K2RT__FREE__ KD1__FREE__ kdephos__FREE__ km1__FREE__ km2__FREE__ kphos__FREE__
gen9perm47 1924.6681103953822003 2.97190101e+00 9.02046723e-01 2.94620692e-03 8.79394364e-01 3.86439468e+00 8.30906943e-03
gen8perm8 1935.9380558939380990 2.79214813e+00 9.79929971e-02 2.91190011e-03 8.18516926e-01 2.44237298e+00 8.30906943e-03
gen9perm45 1936.1143360055650646 2.79214813e+00 9.79929971e-02 2.91190011e-03 4.05209018e-03 2.27904937e+00 8.30906943e-03
gen9perm40 1944.6836092889457177 2.79214813e+00 9.79929971e-02 2.71042182e-03 3.93512370e-03 2.31280179e+00 8.30906943e-03
gen9perm46 1947.5419652567470621 2.79214813e+00 8.39488952e-01 2.94620692e-03 8.18516926e-01 2.33731070e+00 8.30906943e-03
gen9perm39 1947.5512971524235581 2.79214813e+00 9.02046723e-01 2.94620692e-03 8.18516926e-01 2.33575796e+00 8.30906943e-03
gen8perm30 1947.5798729804832874 2.79214813e+00 9.02046723e-01 2.94620692e-03 4.05209018e-03 2.33575796e+00 8.30906943e-03
gen8perm39 2012.0166801587192822 1.09972341e+01 8.62326915e-02 4.22486049e-03 8.26479297e-01 3.58003641e+00 6.97876435e-03
gen9perm13 2039.9743140538882926 1.12198051e+01 9.05652349e-01 3.78054921e-03 2.21386297e-02 3.87581927e-03 8.68864710e-03
gen8perm45 2041.6406730534538383 1.19541991e+01 3.39660232e-02 3.86473364e-03 4.73958583e-03 4.16747345e-03 8.30906943e-03
gen8perm22 2042.7228200187880702 1.12198051e+01 3.48333639e-02 3.56377651e-03 8.55206242e-01 4.16747345e-03 8.07025509e-03
gen9perm20 2042.7228328674279965 1.12198051e+01 3.48333639e-02 3.56377651e-03 8.55206242e-01 4.16747345e-03 8.07025509e-03
gen7perm47 2043.3133495471640799 1.19541991e+01 9.02046723e-01 3.78054921e-03 4.73958583e-03 4.03448921e-03 8.30906943e-03
gen8perm5 2043.5299066059076267 1.19541991e+01 3.39660232e-02 3.78054921e-03 4.73958583e-03 3.88535551e-03 8.30906943e-03
gen8perm32 2044.1054456280371596 1.19541991e+01 9.18833291e-01 3.78054921e-03 4.73958583e-03 3.85411079e-03 8.30906943e-03
gen7perm12 2044.8056720006293290 1.19541991e+01 9.02046723e-01 3.78592239e-03 4.05209018e-03 4.16747345e-03 8.30906943e-03
gen9perm4 2045.2864623703505913 1.19541991e+01 3.39660232e-02 3.64359197e-03 2.22054697e-02 3.85411079e-03 8.07025509e-03
gen8perm28 2046.1084395848540680 1.12198051e+01 9.68939180e-01 3.56377651e-03 8.56657008e-01 3.88984895e-03 8.07025509e-03
gen9perm23 2046.8516211320757066 1.12198051e+01 3.39660232e-02 3.58866391e-03 2.21386297e-02 4.03448921e-03 8.30906943e-03
gen9perm50 2047.2209779413331034 1.19541991e+01 9.02046723e-01 3.56377651e-03 8.78806520e-01 4.16747345e-03 7.65514176e-03
gen7perm32 2048.9812665263903000 1.12198051e+01 8.85874055e-01 3.67812568e-03 8.56657008e-01 4.16747345e-03 8.07025509e-03
gen9perm2 2051.7807374802223421 1.19541991e+01 1.00474442e+01 3.56377651e-03 8.56657008e-01 4.16747345e-03 7.58975922e-03
gen9perm29 2052.0796230809974077 1.19541991e+01 3.39660232e-02 3.95975171e-03 4.73958583e-03 4.16747345e-03 8.30906943e-03
gen9perm27 2052.7503343217986185 1.12198051e+01 9.02046723e-01 3.67812568e-03 8.56657008e-01 4.09692420e-03 8.07025509e-03
gen9perm14 2052.8490247818112948 1.19541991e+01 9.02046723e-01 3.78592239e-03 4.05209018e-03 3.99962182e-03 8.07025509e-03
gen9perm17 2054.1630667499630363 1.19541991e+01 3.39660232e-02 3.53698020e-03 2.21386297e-02 3.63463502e-03 8.17645315e-03
gen6perm4 2056.5001830842911659 1.12198051e+01 9.05652349e-01 3.57188801e-03 2.21386297e-02 4.16747345e-03 8.30906943e-03
gen8perm29 2056.8706294047897245 1.19541991e+01 1.00474442e+01 3.78592239e-03 8.78806520e-01 4.16747345e-03 7.94486338e-03
gen9perm9 2063.2703738335626440 1.21967673e+01 3.39660232e-02 3.67812568e-03 2.21386297e-02 4.16747345e-03 8.17645315e-03
gen8perm1 2064.0798892980601522 1.19541991e+01 9.02046723e-01 3.56377651e-03 8.78806520e-01 4.03448921e-03 7.52878364e-03
gen9perm3 2065.7598529692591001 1.12198051e+01 9.18833291e-01 3.78054921e-03 4.73958583e-03 3.86726884e-03 8.30906943e-03
gen9perm8 2074.0940103543516670 1.19541991e+01 9.55702440e-01 3.78054921e-03 8.32403979e-01 4.16747345e-03 7.80286436e-03
gen9perm49 2076.4299351586732882 1.19541991e+01 1.00474442e+01 3.96775833e-03 4.97064692e-03 3.89410326e-03 8.30906943e-03
gen8perm46 2076.6263462506267388 1.19541991e+01 8.60058707e-01 3.56377651e-03 4.83417961e-03 4.16747345e-03 8.11265245e-03
gen8perm31 2083.0200040602176159 1.19541991e+01 9.02046723e-01 3.56377651e-03 4.73958583e-03 3.89410326e-03 8.30906943e-03
gen8perm48 2087.2072714070295660 1.12198051e+01 3.39660232e-02 3.77853253e-03 2.21386297e-02 3.86193024e-03 8.17645315e-03
gen9perm30 2096.8927673492307804 1.08143020e+01 9.79929971e-02 3.86473364e-03 8.35911089e-01 4.13070068e-03 8.30906943e-03
gen8perm6 2098.5795703147741733 1.19541991e+01 9.02046723e-01 3.56377651e-03 4.73958583e-03 4.03448921e-03 8.30906943e-03
gen9perm35 2099.5549458516002232 1.19541991e+01 1.07031648e+01 3.56377651e-03 4.73958583e-03 4.03448921e-03 8.30906943e-03
gen8perm14 2108.5035524576978787 1.12198051e+01 9.05652349e-01 3.78054921e-03 2.21386297e-02 3.87581927e-03 8.07025509e-03
gen9perm19 2108.5124273155765877 1.12198051e+01 9.86384353e-01 3.78054921e-03 2.21386297e-02 3.87581927e-03 8.07025509e-03
gen8perm11 2109.6352026445911179 1.12198051e+01 3.39660232e-02 3.78054921e-03 2.21386297e-02 3.86726884e-03 8.07025509e-03
gen7perm28 2114.8119497577072252 1.19541991e+01 3.39660232e-02 3.56377651e-03 4.73958583e-03 4.16747345e-03 8.30906943e-03
gen5perm28 2114.8954394764791687 1.19541991e+01 9.02046723e-01 3.56377651e-03 4.73958583e-03 4.16747345e-03 8.30906943e-03
gen9perm10 2121.7966391083768940 1.12198051e+01 8.85874055e-01 3.80412790e-03 8.56657008e-01 3.86193024e-03 8.07025509e-03
gen7perm46 2127.2225294036779815 1.12198051e+01 3.39660232e-02 3.95975171e-03 2.21386297e-02 4.16747345e-03 8.17645315e-03
gen9perm43 2130.0504389425191221 1.12018964e+01 9.13729263e-02 3.35855943e-03 9.40669788e-01 4.03448921e-03 8.30906943e-03
gen9perm31 2132.6301108630714225 1.11333641e+01 9.68939180e-01 3.56377651e-03 8.56657008e-01 4.16747345e-03 8.76323943e-03
gen9perm24 2135.5478016166275665 1.29449053e+01 8.75689216e-01 3.77853253e-03 4.72282460e-03 3.86193024e-03 8.66571046e-03
gen9perm6 2137.1758673105455273 1.04087378e+01 9.57478683e-01 3.78054921e-03 8.56657008e-01 3.88984895e-03 8.30906943e-03
