Permutation Chi-Sq K2RT__FREE__ KD1__FREE__ kdephos__FREE__ km1__FREE__ km2__FREE__ kphos__FREE__
gen38perm50 1894.9891331099079252 2.09131573e+00 1.04802163e+00 3.19775504e-03 3.92714851e-03 2.32109323e+00 1.06201730e-02
gen38perm9 1895.0174834564679713 2.30095216e+00 1.04802163e+00 3.42452851e-03 3.94423562e-03 2.59451174e+00 1.06201730e-02
gen37perm18 1895.0642916855319982 2.23536713e+00 8.75303991e-01 3.35448981e-03 3.92714851e-03 2.59451174e+00 1.06201730e-02
gen38perm37 1895.0646969495162466 2.23536713e+00 8.75303991e-01 3.35448981e-03 3.77321040e-03 2.59451174e+00 1.06201730e-02
gen38perm7 1895.0773699440642304 2.23536713e+00 9.23406929e-01 3.35448981e-03 3.92714851e-03 2.65033140e+00 1.06201730e-02
gen36perm43 1895.4085394523840478 2.32014279e+00 1.04802163e+00 3.42452851e-03 3.90336313e-03 2.88499212e+00 1.05097495e-02
gen38perm40 1895.7549019585342194 2.12636053e+00 1.04802163e+00 3.19775504e-03 3.69085299e-03 2.88499212e+00 1.05097495e-02
gen35perm8 1895.9627733277293373 2.30095216e+00 1.04802163e+00 3.42452851e-03 3.61547527e-03 2.88499212e+00 1.05097495e-02
gen37perm13 1896.3468572357539870 2.11491016e+00 1.04802163e+00 3.19775504e-03 3.92714851e-03 2.32109323e+00 1.04512489e-02
gen38perm33 1896.4413350517947947 2.30095216e+00 9.47019741e-01 3.35448981e-03 3.99545462e-03 2.88499212e+00 1.04187332e-02
gen38perm43 1896.4474416505129284 2.30095216e+00 8.75303991e-01 3.35448981e-03 3.69085299e-03 2.60272521e+00 1.04187332e-02
gen37perm11 1896.4476339217444547 2.30095216e+00 8.75303991e-01 3.35448981e-03 3.77321040e-03 2.59451174e+00 1.04187332e-02
gen38perm38 1896.4497767091829701 2.30095216e+00 8.75303991e-01 3.35448981e-03 3.92714851e-03 2.55265125e+00 1.04187332e-02
gen38perm27 1896.4587201584731702 2.30095216e+00 8.75303991e-01 3.35448981e-03 3.77321040e-03 2.43556623e+00 1.04187332e-02
gen37perm9 1896.4617814112743872 2.30095216e+00 8.75303991e-01 3.35448981e-03 3.92714851e-03 2.39159118e+00 1.04187332e-02
gen38perm6 1896.4699902499710333 2.30095216e+00 9.35540619e-01 3.35448981e-03 3.78669039e-03 2.39159118e+00 1.04187332e-02
gen38perm35 1896.4866394714467788 2.30095216e+00 8.75303991e-01 3.35448981e-03 3.77321040e-03 2.15464497e+00 1.04187332e-02
gen37perm14 1896.5872227540164658 2.30095216e+00 8.70136121e-01 3.43426458e-03 3.61547527e-03 2.88499212e+00 1.05097495e-02
gen38perm12 1896.8681583491268157 2.50459504e+00 8.94222744e-01 3.55278740e-03 3.89685408e-03 2.43556623e+00 1.04187332e-02
gen38perm36 1897.3542699280037596 2.32014279e+00 7.97447820e-01 3.35448981e-03 3.92714851e-03 2.43556623e+00 1.04187332e-02
gen35perm31 1897.3640241024234001 2.32014279e+00 8.75303991e-01 3.35448981e-03 3.89685408e-03 2.43556623e+00 1.04187332e-02
gen36perm20 1897.3643236792922835 2.32014279e+00 8.75303991e-01 3.35448981e-03 3.77321040e-03 2.43556623e+00 1.04187332e-02
gen38perm32 1897.3926187132392442 2.32014279e+00 9.15945052e-01 3.35448981e-03 3.89685408e-03 2.59451174e+00 1.04187332e-02
gen38perm34 1897.7864686321911449 2.32014279e+00 8.75303991e-01 3.41459476e-03 3.87123904e-03 2.47623252e+00 1.04187332e-02
gen38perm23 1898.1621379679047550 2.27583271e+00 9.47019741e-01 3.42452851e-03 3.69085299e-03 2.88499212e+00 1.05097495e-02
gen38perm18 1898.2945098348372994 2.30095216e+00 8.42247201e-01 3.35448981e-03 3.92714851e-03 2.59451174e+00 1.05097495e-02
gen38perm2 1898.2987523429776502 2.30095216e+00 8.75303991e-01 3.35448981e-03 3.77321040e-03 2.59451174e+00 1.05097495e-02
gen38perm14 1898.3923524876040574 2.30095216e+00 8.75303991e-01 3.35448981e-03 3.77321040e-03 2.88499212e+00 1.05097495e-02
gen38perm48 1898.4127164884787362 2.30095216e+00 1.04802163e+00 3.35448981e-03 3.95223532e-03 2.88499212e+00 1.05097495e-02
gen36perm19 1898.4745601549445837 2.32014279e+00 1.04802163e+00 3.42452851e-03 3.89685408e-03 3.02482876e+00 1.04187332e-02
gen37perm26 1898.5322968682062310 2.32014279e+00 1.01542977e+00 3.42452851e-03 3.89685408e-03 2.88499212e+00 1.04187332e-02
gen34perm18 1898.5376150844006133 2.32014279e+00 1.04802163e+00 3.42452851e-03 3.77321040e-03 2.88499212e+00 1.04187332e-02
gen37perm30 1898.8488361271654412 2.32014279e+00 8.75303991e-01 3.42452851e-03 3.77321040e-03 2.32109323e+00 1.04187332e-02
gen35perm12 1898.8718855703561985 2.32014279e+00 1.04802163e+00 3.42452851e-03 3.90336313e-03 2.32109323e+00 1.04187332e-02
gen37perm23 1899.3304432131703834 2.30095216e+00 1.04802163e+00 3.34769318e-03 3.90336313e-03 2.88499212e+00 1.05097495e-02
gen38perm5 1899.6038464868947813 2.30095216e+00 9.47019741e-01 3.41459476e-03 3.69085299e-03 2.88499212e+00 1.04187332e-02
gen37perm7 1899.6038465299916425 2.30095216e+00 9.47019741e-01 3.41459476e-03 3.69085299e-03 2.88499212e+00 1.04187332e-02
gen38perm44 1899.9353803826770672 2.30095216e+00 9.47019741e-01 3.41459476e-03 3.92714851e-03 2.39159118e+00 1.04187332e-02
gen34perm34 1900.2815221981331888 2.27265407e+00 1.04802163e+00 3.19775504e-03 3.72978297e-03 2.88499212e+00 1.00671776e-02
gen35perm21 1900.2891456554150409 2.27265407e+00 1.10638083e+00 3.19775504e-03 3.72978297e-03 2.88499212e+00 1.00671776e-02
gen37perm22 1900.3226908894137068 2.27265407e+00 7.79809049e-01 3.19775504e-03 3.69085299e-03 2.59451174e+00 1.00671776e-02
gen35perm48 1900.3306282297062353 2.27265407e+00 8.41206902e-01 3.19775504e-03 3.72978297e-03 2.59451174e+00 1.00671776e-02
gen35perm15 1900.3931329031395308 2.30095216e+00 7.94853768e-01 3.19775504e-03 3.61158129e-03 2.88499212e+00 1.00671776e-02
gen37perm3 1900.3933486663991062 2.30095216e+00 7.94853768e-01 3.19775504e-03 3.54781447e-03 2.88499212e+00 1.00671776e-02
gen36perm28 1900.3933614498512270 2.30095216e+00 8.21911995e-01 3.19775504e-03 3.69085299e-03 2.60462243e+00 1.00671776e-02
gen36perm3 1900.3976003472441789 2.30095216e+00 8.61146913e-01 3.19775504e-03 3.88689215e-03 2.35043515e+00 1.00671776e-02
gen36perm17 1900.3978531148677575 2.30095216e+00 8.70136121e-01 3.19775504e-03 4.23890226e-03 2.59451174e+00 1.00671776e-02
gen34perm33 1900.3978605111722118 2.30095216e+00 8.70136121e-01 3.19775504e-03 4.23890226e-03 2.59451174e+00 1.00671776e-02
gen37perm33 1900.3982886568189770 2.30095216e+00 8.61146913e-01 3.19775504e-03 3.69706554e-03 2.59451174e+00 1.00671776e-02
gen36perm14 1900.3984376930061444 2.30095216e+00 8.70136121e-01 3.19775504e-03 3.92714851e-03 2.39159118e+00 1.00671776e-02
