Permutation Chi-Sq K2RT__FREE__ KD1__FREE__ kdephos__FREE__ km1__FREE__ km2__FREE__ kphos__FREE__
gen20perm38 1915.8063166722963615 2.61711553e+00 1.00238032e+00 2.94620692e-03 8.40282004e-01 2.51432455e+00 8.83344136e-03
gen20perm47 1915.8428363955736131 2.61711553e+00 1.09600431e+00 2.94620692e-03 8.40282004e-01 2.37793120e+00 8.83344136e-03
gen19perm16 1915.8828014648897806 2.61213474e+00 8.17039762e-01 2.92497208e-03 4.05209018e-03 3.55165248e+00 8.83344136e-03
gen20perm43 1915.9160061848840542 2.64924091e+00 9.60018103e-01 2.96164491e-03 4.05209018e-03 3.61776031e+00 8.83344136e-03
gen20perm3 1916.0596982529332308 2.61711553e+00 9.02046723e-01 2.92475828e-03 8.51679792e-01 2.25428145e+00 8.83344136e-03
gen19perm3 1916.0690441516687770 2.61711553e+00 9.02046723e-01 2.92475828e-03 3.92714851e-03 2.22539240e+00 8.83344136e-03
gen18perm34 1916.0707903471400186 2.61711553e+00 9.02046723e-01 2.92475828e-03 3.72257106e-03 2.25428145e+00 8.83344136e-03
gen20perm36 1916.0708018652583178 2.61711553e+00 9.02046723e-01 2.92475828e-03 3.72257106e-03 2.25428145e+00 8.83344136e-03
gen20perm7 1916.0712523340125699 2.61711553e+00 1.00238032e+00 2.92475828e-03 8.40282004e-01 2.26233196e+00 8.83344136e-03
gen19perm13 1916.0749301513499177 2.61711553e+00 1.00238032e+00 2.92475828e-03 8.40282004e-01 2.34890736e+00 8.83344136e-03
gen17perm19 1916.0821008411587627 2.61711553e+00 1.00238032e+00 2.92475828e-03 8.79394364e-01 2.51432455e+00 8.83344136e-03
gen20perm50 1916.1200476348926713 2.64924091e+00 7.52133062e-01 2.97540976e-03 9.25513447e-01 2.38122537e+00 8.83344136e-03
gen20perm25 1916.1240959637320884 2.61711553e+00 9.02046723e-01 2.92475828e-03 3.72257106e-03 3.59046335e+00 8.83344136e-03
gen19perm50 1916.1240959637320884 2.61711553e+00 9.02046723e-01 2.92475828e-03 3.72257106e-03 3.59046335e+00 8.83344136e-03
gen20perm33 1916.1248072198088721 2.61711553e+00 1.00238032e+00 2.92475828e-03 8.79394364e-01 3.59046335e+00 8.83344136e-03
gen20perm30 1916.4571139148920338 2.64924091e+00 9.53672759e-01 2.94620692e-03 8.79394364e-01 2.33120420e+00 8.83344136e-03
gen19perm17 1916.4592911649062899 2.64924091e+00 9.36153030e-01 2.94620692e-03 9.25513447e-01 2.37969553e+00 8.83344136e-03
gen20perm28 1916.4617097467798885 2.64924091e+00 9.09427179e-01 2.94620692e-03 8.79394364e-01 2.44237298e+00 8.83344136e-03
gen20perm24 1916.4641040086110024 2.64924091e+00 1.00238032e+00 2.94620692e-03 8.57929364e-01 2.34890736e+00 8.83344136e-03
gen18perm22 1916.4641446412585992 2.64924091e+00 1.00238032e+00 2.94620692e-03 8.40282004e-01 2.34890736e+00 8.83344136e-03
gen17perm39 1916.4643119400354863 2.64924091e+00 1.00238032e+00 2.94620692e-03 3.92714851e-03 2.22539240e+00 8.83344136e-03
gen20perm46 1916.4649709762434213 2.64924091e+00 9.86232587e-01 2.94620692e-03 9.25513447e-01 2.37969553e+00 8.83344136e-03
gen20perm22 1916.4654394814519947 2.64924091e+00 9.02046723e-01 2.94620692e-03 3.92714851e-03 2.37969553e+00 8.83344136e-03
gen20perm14 1916.4780278723137599 2.64924091e+00 1.00238032e+00 2.94620692e-03 8.79394364e-01 2.51421158e+00 8.83344136e-03
gen19perm14 1916.4780377820000012 2.64924091e+00 1.00238032e+00 2.94620692e-03 8.79394364e-01 2.51432455e+00 8.83344136e-03
gen16perm46 1916.4780461266502698 2.64924091e+00 1.00238032e+00 2.94620692e-03 8.79394364e-01 2.51432455e+00 8.83344136e-03
gen19perm18 1916.4780466170013824 2.64924091e+00 1.00238032e+00 2.94620692e-03 8.22372844e-01 2.51432455e+00 8.83344136e-03
gen20perm45 1916.4805197784771735 2.64924091e+00 9.36153030e-01 2.94620692e-03 4.05209018e-03 2.51432455e+00 8.83344136e-03
gen20perm42 1916.4843199303882102 2.64924091e+00 9.11835001e-01 2.94620692e-03 4.05209018e-03 2.59929062e+00 8.83344136e-03
gen19perm19 1916.4866610869673877 2.64924091e+00 9.86232587e-01 2.94620692e-03 4.05209018e-03 2.51432455e+00 8.83344136e-03
gen19perm12 1916.5591374309847197 2.64924091e+00 1.00107644e+00 2.94620692e-03 4.05209018e-03 3.59046335e+00 8.83344136e-03
gen18perm38 1916.5592968886917333 2.64924091e+00 1.00238032e+00 2.94620692e-03 4.05209018e-03 3.59046335e+00 8.83344136e-03
gen20perm49 1916.6336864000109017 2.59493422e+00 9.46957597e-01 2.94620692e-03 3.92714851e-03 2.25459396e+00 8.83344136e-03
gen19perm20 1917.2218806177713759 2.64924091e+00 1.00238032e+00 2.93792086e-03 8.79394364e-01 3.81763936e+00 8.83344136e-03
gen20perm1 1917.2640236449954045 2.64924091e+00 8.69873223e-01 2.91190011e-03 4.05209018e-03 2.59603119e+00 8.75053841e-03
gen19perm10 1917.3598741977111786 2.64924091e+00 9.60018103e-01 2.94620692e-03 4.05209018e-03 3.59046335e+00 8.75053841e-03
gen20perm44 1917.6939662695340303 2.64924091e+00 1.01669128e+00 2.94620692e-03 3.92714851e-03 2.22539240e+00 8.75053841e-03
gen20perm48 1917.7197801730619631 2.64924091e+00 1.00238032e+00 2.92475828e-03 8.79394364e-01 2.51432455e+00 8.71543981e-03
gen20perm37 1918.3967202070368785 2.64924091e+00 1.00238032e+00 2.92475828e-03 8.79394364e-01 2.34890736e+00 8.83344136e-03
gen20perm19 1918.6580685705762335 2.64924091e+00 1.00238032e+00 2.92497208e-03 4.30297698e-03 3.55165248e+00 8.83344136e-03
gen18perm21 1919.4474417865467331 2.64924091e+00 1.00325082e+00 2.94620692e-03 8.79394364e-01 2.51432455e+00 8.71543981e-03
gen17perm26 1919.4474432651384177 2.64924091e+00 1.00325082e+00 2.94620692e-03 8.79394364e-01 2.51432455e+00 8.71543981e-03
gen20perm18 1919.7384375899973747 2.61711553e+00 9.02046723e-01 2.88858552e-03 3.94650348e-03 2.25428145e+00 8.83344136e-03
gen19perm31 1919.7387693889643288 2.61711553e+00 9.02046723e-01 2.88858552e-03 3.72257106e-03 2.25428145e+00 8.83344136e-03
gen18perm42 1920.1210170781448596 2.59493422e+00 8.13730477e-01 2.97540976e-03 3.92714851e-03 2.38122537e+00 8.83344136e-03
gen19perm9 1920.1532612032231100 2.79214813e+00 1.00238032e+00 2.94620692e-03 8.79394364e-01 2.71407511e+00 8.56684387e-03
gen18perm11 1920.1699152248925202 2.79214813e+00 1.00238032e+00 2.94620692e-03 8.79394364e-01 2.51421158e+00 8.56684387e-03
gen19perm1 1920.1770141029612660 2.79214813e+00 1.00238032e+00 2.94620692e-03 8.79394364e-01 2.44164689e+00 8.56684387e-03
gen19perm37 1920.2477024110580714 2.59493422e+00 1.00238032e+00 2.97540976e-03 3.64344056e-03 2.25428145e+00 8.83344136e-03
gen19perm22 1920.2950302882716187 2.79214813e+00 1.00325082e+00 2.94620692e-03 8.79394364e-01 2.51421158e+00 8.60904609e-03
