Permutation Chi-Sq K2RT__FREE__ KD1__FREE__ kdephos__FREE__ km1__FREE__ km2__FREE__ kphos__FREE__
gen47perm6 1889.2803952479314376 2.23536713e+00 8.75303991e-01 3.59655428e-03 3.92714851e-03 2.76100635e+00 1.11078617e-02
gen47perm50 1889.7385803805996147 2.25000544e+00 1.07492163e+00 3.59655428e-03 3.54847705e-03 3.12294643e+00 1.10634457e-02
gen47perm45 1889.8143036905632925 2.23536713e+00 7.65485680e-01 3.59655428e-03 3.71983385e-03 2.60445246e+00 1.10867452e-02
gen47perm12 1889.8404353600924424 2.25000544e+00 8.75303991e-01 3.59655428e-03 3.52091495e-03 2.59451174e+00 1.10634457e-02
gen46perm30 1889.8740766958774202 2.25000544e+00 8.36321711e-01 3.59655428e-03 3.92714851e-03 2.46828120e+00 1.10634457e-02
gen47perm16 1889.8743194197847970 2.25000544e+00 8.36321711e-01 3.59655428e-03 3.85713333e-03 2.46828120e+00 1.10634457e-02
gen46perm24 1889.9787436910667111 2.24389223e+00 9.86956012e-01 3.59655428e-03 3.54847705e-03 2.99098485e+00 1.10634457e-02
gen47perm49 1890.2134433822616302 2.28236135e+00 8.36321711e-01 3.59655428e-03 3.92714851e-03 2.46828120e+00 1.10634457e-02
gen46perm49 1890.2793633047938329 2.28236135e+00 1.07492163e+00 3.59655428e-03 3.54847705e-03 2.99098485e+00 1.10634457e-02
gen47perm34 1890.3002076719269553 2.23536713e+00 8.98147341e-01 3.59655428e-03 3.54847705e-03 2.38847689e+00 1.10749133e-02
gen45perm16 1890.3889601536393457 2.28528161e+00 8.27933431e-01 3.59655428e-03 3.84912510e-03 2.54356241e+00 1.10634457e-02
gen47perm32 1890.4147535555832746 2.23536713e+00 1.14206339e+00 3.59655428e-03 3.54847705e-03 3.22629020e+00 1.10634457e-02
gen46perm38 1890.4454534620513186 2.23536713e+00 8.23770699e-01 3.59655428e-03 3.54847705e-03 2.99098485e+00 1.10634457e-02
gen45perm8 1890.4505747936643729 2.23536713e+00 8.75303991e-01 3.59655428e-03 3.92714851e-03 2.99098485e+00 1.10634457e-02
gen44perm45 1890.4505747936643729 2.23536713e+00 8.75303991e-01 3.59655428e-03 3.92714851e-03 2.99098485e+00 1.10634457e-02
gen43perm9 1890.4656620696309801 2.23536713e+00 9.86956012e-01 3.59655428e-03 3.92714851e-03 2.99098485e+00 1.10634457e-02
gen47perm47 1890.4668760827344158 2.23536713e+00 9.86956012e-01 3.59655428e-03 3.72439839e-03 2.99098485e+00 1.10634457e-02
gen47perm24 1890.4679463963591388 2.23536713e+00 9.86956012e-01 3.59655428e-03 3.54847705e-03 2.99098485e+00 1.10634457e-02
gen47perm27 1890.4679463963591388 2.23536713e+00 9.86956012e-01 3.59655428e-03 3.54847705e-03 2.99098485e+00 1.10634457e-02
gen45perm30 1890.4679463963591388 2.23536713e+00 9.86956012e-01 3.59655428e-03 3.54847705e-03 2.99098485e+00 1.10634457e-02
gen47perm44 1890.4743348474803497 2.23536713e+00 1.04132751e+00 3.59655428e-03 3.72247819e-03 2.99098485e+00 1.10634457e-02
gen46perm14 1890.4747147658101767 2.23536713e+00 1.04132751e+00 3.59655428e-03 3.66496264e-03 2.99098485e+00 1.10634457e-02
gen46perm45 1890.4936894619279428 2.23536713e+00 8.75303991e-01 3.59655428e-03 3.92714851e-03 2.87141099e+00 1.10634457e-02
gen45perm1 1890.5132483109982786 2.23536713e+00 9.23406929e-01 3.59655428e-03 3.54847705e-03 2.84294686e+00 1.10634457e-02
gen47perm9 1890.5137210341486025 2.23536713e+00 9.23406929e-01 3.59655428e-03 3.48080692e-03 2.84294686e+00 1.10634457e-02
gen46perm8 1890.5717898592445181 2.23536713e+00 1.04802163e+00 3.59655428e-03 3.54847705e-03 2.74037024e+00 1.10634457e-02
gen46perm23 1890.5744264008137634 2.23536713e+00 8.23770699e-01 3.59655428e-03 3.92714851e-03 2.65864466e+00 1.10634457e-02
gen45perm28 1890.5763584531061952 2.23536713e+00 8.23770699e-01 3.59655428e-03 3.54847705e-03 2.65864466e+00 1.10634457e-02
gen47perm18 1890.5776468424610357 2.23536713e+00 9.86956012e-01 3.59655428e-03 3.54847705e-03 2.70692561e+00 1.10634457e-02
gen47perm31 1890.5865140482694642 2.23536713e+00 8.23770699e-01 3.59655428e-03 3.54847705e-03 2.63620781e+00 1.10634457e-02
gen47perm3 1890.5869284299735682 2.23536713e+00 8.53948818e-01 3.59655428e-03 3.54847705e-03 2.64446728e+00 1.10634457e-02
gen47perm14 1890.5989120945125705 2.23536713e+00 9.86956012e-01 3.59655428e-03 3.54847705e-03 2.65864466e+00 1.10634457e-02
gen46perm37 1890.5989120945125705 2.23536713e+00 9.86956012e-01 3.59655428e-03 3.54847705e-03 2.65864466e+00 1.10634457e-02
gen46perm50 1890.6091447309893283 2.23536713e+00 9.86956012e-01 3.59655428e-03 3.54847705e-03 2.63620781e+00 1.10634457e-02
gen45perm11 1890.6130723546073114 2.23536713e+00 8.75303991e-01 3.59655428e-03 3.54847705e-03 2.59451174e+00 1.10634457e-02
gen45perm36 1890.6162311124578537 2.23536713e+00 1.03872292e+00 3.59655428e-03 3.54847705e-03 2.63620781e+00 1.10634457e-02
gen43perm43 1890.6197440813491539 2.23536713e+00 9.23406929e-01 3.59655428e-03 3.54847705e-03 2.59451174e+00 1.10634457e-02
gen47perm19 1890.6280095814263404 2.23536713e+00 8.04276606e-01 3.59655428e-03 3.54847705e-03 2.54356241e+00 1.10634457e-02
gen44perm35 1890.6297273585992116 2.23536713e+00 8.27933431e-01 3.59655428e-03 3.84912510e-03 2.54356241e+00 1.10634457e-02
gen47perm7 1890.6317190704371569 2.23536713e+00 8.40931872e-01 3.59655428e-03 3.80076905e-03 2.54356241e+00 1.10634457e-02
gen47perm28 1890.6319135042540438 2.23536713e+00 8.32345199e-01 3.59655428e-03 3.54847705e-03 2.54356241e+00 1.10634457e-02
gen45perm10 1890.6399209024439187 2.23536713e+00 8.90095531e-01 3.59655428e-03 3.54847705e-03 2.54356241e+00 1.10634457e-02
gen47perm25 1890.6399367386370614 2.23536713e+00 8.90095531e-01 3.59655428e-03 3.54847705e-03 2.54356241e+00 1.10634457e-02
gen46perm43 1890.6399367386370614 2.23536713e+00 8.90095531e-01 3.59655428e-03 3.54847705e-03 2.54356241e+00 1.10634457e-02
gen47perm42 1890.6417930644847729 2.23536713e+00 8.75303991e-01 3.59655428e-03 3.89707089e-03 2.53192218e+00 1.10634457e-02
gen46perm35 1890.6420663667856843 2.23536713e+00 9.86956012e-01 3.59655428e-03 3.84912510e-03 2.56252376e+00 1.10634457e-02
gen46perm19 1890.6427434157324114 2.23536713e+00 9.10620758e-01 3.59655428e-03 3.54847705e-03 2.54356241e+00 1.10634457e-02
gen47perm13 1890.6427826738565727 2.23536713e+00 9.10620758e-01 3.59655428e-03 3.54847705e-03 2.54356241e+00 1.10634457e-02
gen47perm11 1890.6476450457298597 2.23536713e+00 9.06183558e-01 3.59655428e-03 3.92714851e-03 2.52824486e+00 1.10634457e-02
gen47perm29 1890.6494835869193594 2.23536713e+00 1.04132751e+00 3.59655428e-03 3.84912510e-03 2.56252376e+00 1.10634457e-02
