Permutation Chi-Sq K2RT__FREE__ KD1__FREE__ kdephos__FREE__ km1__FREE__ km2__FREE__ kphos__FREE__
gen34perm18 1898.5376150844006133 2.32014279e+00 1.04802163e+00 3.42452851e-03 3.77321040e-03 2.88499212e+00 1.04187332e-02
gen34perm34 1900.2815221981331888 2.27265407e+00 1.04802163e+00 3.19775504e-03 3.72978297e-03 2.88499212e+00 1.00671776e-02
gen34perm33 1900.3978605111722118 2.30095216e+00 8.70136121e-01 3.19775504e-03 4.23890226e-03 2.59451174e+00 1.00671776e-02
gen33perm16 1900.3987319573577679 2.30095216e+00 8.70136121e-01 3.19775504e-03 3.92714851e-03 2.59451174e+00 1.00671776e-02
gen32perm17 1900.3988886621350503 2.30095216e+00 8.70136121e-01 3.19775504e-03 3.92714851e-03 2.32109323e+00 1.00671776e-02
gen33perm20 1900.3998471484851507 2.30095216e+00 8.70136121e-01 3.19775504e-03 3.61158129e-03 2.32109323e+00 1.00671776e-02
gen34perm42 1900.4163984801216429 2.30095216e+00 1.00544522e+00 3.19775504e-03 3.79189512e-03 2.32109323e+00 1.00671776e-02
gen34perm4 1900.4286742900055742 2.30095216e+00 1.10638083e+00 3.19775504e-03 3.92714851e-03 2.32109323e+00 1.00671776e-02
gen34perm15 1900.6016400343116857 2.26539961e+00 1.04802163e+00 3.19775504e-03 3.97552792e-03 2.88499212e+00 1.00671776e-02
gen33perm35 1900.6018885870596478 2.26539961e+00 1.04802163e+00 3.19775504e-03 3.92714851e-03 2.88499212e+00 1.00671776e-02
gen33perm47 1900.9251004199122690 2.31121127e+00 9.32455261e-01 3.19775504e-03 3.92714851e-03 2.26115674e+00 1.00671776e-02
gen31perm3 1901.6309858258498480 2.32014279e+00 1.04802163e+00 3.19775504e-03 3.92714851e-03 2.32109323e+00 1.00671776e-02
gen34perm40 1901.6318784380514444 2.32014279e+00 1.04802163e+00 3.19775504e-03 3.61158129e-03 2.32109323e+00 1.00671776e-02
gen34perm11 1901.6328020721932717 2.32014279e+00 9.79416747e-01 3.19775504e-03 4.12402764e-03 2.36586170e+00 1.00671776e-02
gen34perm3 1901.6360885808248895 2.32014279e+00 8.70136121e-01 3.19775504e-03 3.92714851e-03 2.43556623e+00 1.00671776e-02
gen34perm27 1901.6363287761764695 2.32014279e+00 8.75303991e-01 3.19775504e-03 4.12402764e-03 2.43556623e+00 1.00671776e-02
gen30perm12 1901.6373717185215355 2.32014279e+00 8.84373258e-01 3.19775504e-03 4.15167338e-03 2.43556623e+00 1.00671776e-02
gen31perm36 1901.6378372085755473 2.32014279e+00 8.84373258e-01 3.19775504e-03 3.92714851e-03 2.43556623e+00 1.00671776e-02
gen30perm34 1901.6378372085755473 2.32014279e+00 8.84373258e-01 3.19775504e-03 3.92714851e-03 2.43556623e+00 1.00671776e-02
gen31perm33 1901.6423578074311536 2.32014279e+00 9.20869319e-01 3.19775504e-03 3.92714851e-03 2.43556623e+00 1.00671776e-02
gen31perm42 1901.6490185596162519 2.32014279e+00 9.79416747e-01 3.19775504e-03 4.12402764e-03 2.43556623e+00 1.00671776e-02
gen34perm36 1901.6497536128163119 2.32014279e+00 9.85665439e-01 3.19775504e-03 4.12402764e-03 2.43556623e+00 1.00671776e-02
gen34perm7 1901.6538137250108775 2.32014279e+00 1.04802163e+00 3.19775504e-03 7.91643710e-01 2.46380113e+00 1.00671776e-02
gen34perm32 1901.6572030025981803 2.32014279e+00 1.04251003e+00 3.19775504e-03 3.92714851e-03 2.43556623e+00 1.00671776e-02
gen29perm13 1901.6578792091729611 2.32014279e+00 1.04802163e+00 3.19775504e-03 3.92714851e-03 2.43556623e+00 1.00671776e-02
gen33perm19 1901.6578792179491302 2.32014279e+00 1.04802163e+00 3.19775504e-03 3.92714851e-03 2.43556623e+00 1.00671776e-02
gen34perm19 1901.6636642262560599 2.32014279e+00 1.09563335e+00 3.19775504e-03 3.92714851e-03 2.43556623e+00 1.00671776e-02
gen33perm12 1901.6650210700379375 2.32014279e+00 1.10638083e+00 3.19775504e-03 3.92714851e-03 2.43556623e+00 1.00671776e-02
gen31perm2 1901.6650210700822754 2.32014279e+00 1.10638083e+00 3.19775504e-03 3.92714851e-03 2.43556623e+00 1.00671776e-02
gen31perm26 1901.6657287946202359 2.32014279e+00 8.75303991e-01 3.19775504e-03 4.15167338e-03 2.57021673e+00 1.00671776e-02
gen31perm39 1901.6690513298533460 2.32014279e+00 9.32455261e-01 3.19775504e-03 7.44299720e-01 2.59451174e+00 1.00671776e-02
gen34perm29 1901.6708219416996144 2.32014279e+00 8.75303991e-01 3.19775504e-03 4.15167338e-03 2.59451174e+00 1.00671776e-02
gen34perm30 1901.6717416529747879 2.32014279e+00 9.20869319e-01 3.19775504e-03 3.92714851e-03 2.57021673e+00 1.00671776e-02
gen32perm5 1901.6719248019815041 2.32014279e+00 9.20869319e-01 3.19775504e-03 3.86246503e-03 2.57021673e+00 1.00671776e-02
gen31perm29 1901.6768556253844054 2.32014279e+00 9.20869319e-01 3.19775504e-03 3.92714851e-03 2.59451174e+00 1.00671776e-02
gen30perm36 1901.6768556253844054 2.32014279e+00 9.20869319e-01 3.19775504e-03 3.92714851e-03 2.59451174e+00 1.00671776e-02
gen30perm45 1901.6768556253844054 2.32014279e+00 9.20869319e-01 3.19775504e-03 3.92714851e-03 2.59451174e+00 1.00671776e-02
gen34perm10 1901.6800639336440781 2.32014279e+00 1.04802163e+00 3.19775504e-03 3.92714851e-03 2.53608658e+00 1.00671776e-02
gen32perm14 1901.6804851827851053 2.32014279e+00 9.50839849e-01 3.19775504e-03 3.92714851e-03 2.59451174e+00 1.00671776e-02
gen33perm48 1901.6820877002421639 2.32014279e+00 1.04802163e+00 3.19775504e-03 7.91643710e-01 2.59451174e+00 1.00671776e-02
gen33perm41 1901.6821671067154966 2.32014279e+00 1.04802163e+00 3.19775504e-03 7.44299720e-01 2.59451174e+00 1.00671776e-02
gen34perm13 1901.6825094348425864 2.32014279e+00 9.67356778e-01 3.19775504e-03 3.92714851e-03 2.59451174e+00 1.00671776e-02
gen33perm25 1901.6835199793865741 2.32014279e+00 9.79416747e-01 3.19775504e-03 4.12402764e-03 2.59451174e+00 1.00671776e-02
gen33perm30 1901.6875444755253284 2.32014279e+00 1.00544522e+00 3.19775504e-03 3.79189512e-03 2.59451174e+00 1.00671776e-02
gen30perm31 1901.6905366928660897 2.32014279e+00 9.44432828e-01 3.19775504e-03 7.44299720e-01 2.69398732e+00 1.00671776e-02
gen34perm48 1901.6923700586264658 2.32014279e+00 1.04802163e+00 3.19775504e-03 3.92714851e-03 2.59451174e+00 1.00671776e-02
gen33perm27 1901.6923700586264658 2.32014279e+00 1.04802163e+00 3.19775504e-03 3.92714851e-03 2.59451174e+00 1.00671776e-02
gen32perm8 1901.6923700586264658 2.32014279e+00 1.04802163e+00 3.19775504e-03 3.92714851e-03 2.59451174e+00 1.00671776e-02
gen31perm45 1901.6923700586264658 2.32014279e+00 1.04802163e+00 3.19775504e-03 3.92714851e-03 2.59451174e+00 1.00671776e-02
gen33perm21 1901.6939947552682497 2.32014279e+00 8.84373258e-01 3.19775504e-03 3.92714851e-03 2.70179552e+00 1.00671776e-02
